1.875 -0.333333333333333314829616 
1.875 -0.375 
2 -0.375 
2 0 
1.875 -0.333333333333333314829616 

1.859375 -0.375 
1.875 -0.375 
1.875 -0.333333333333333314829616 
1.859375 -0.375 

1.875 -0.708333333333333259318465 
2 -0.375 
1.875 -0.375 
1.875 -0.708333333333333259318465 

2 0 

1.59375 -0.75 
1.859375 -0.75 
1.875 -0.708333333333333259318465 
1.875 -0.375 
1.59375 -0.75 

1.578125 -0.75 
1.734375 -0.75 
1.875 -0.375 
1.859375 -0.375 
1.578125 -0.75 

1.5 -0.819444444444444419772822 
1.5 -1.0625 
1.734375 -0.75 
1.578125 -0.75 
1.5 -0.819444444444444419772822 

1.59375 -0.75 
1.5 -0.833333333333333259318465 
1.5 -1.125 
1.578125 -1.125 
1.859375 -0.75 
1.59375 -0.75 

1.5 -1.19444444444444441977282 
1.578125 -1.125 
1.5 -1.125 
1.5 -1.19444444444444441977282 

1.125 -1.52083333333333325931847 
1.15625 -1.5 
1.125 -1.5 
1.125 -1.52083333333333325931847 

0.375 0 
0.375 -0.375 
0.75 -0.375 
0.75 0 
0.375 0 

1.171875 -1.125 
1.5 -1.125 
1.5 -0.833333333333333259318465 
1.171875 -1.125 

1.15625 -1.125 
1.453125 -1.125 
1.5 -1.0625 
1.5 -0.819444444444444419772822 
1.15625 -1.125 

1.125 -1.14583333333333325931847 
1.125 -1.41666666666666651863693 
1.453125 -1.125 
1.15625 -1.125 
1.125 -1.14583333333333325931847 

1.125 -1.15625 
1.125 -1.45833333333333325931847 
1.5 -1.125 
1.171875 -1.125 
1.125 -1.15625 

1.125 -1.375 
1.125 -1.5 
1.15625 -1.5 
1.5 -1.19444444444444441977282 
1.5 -1.125 
1.125 -1.375 

0.421875 -1.875 
0.59375 -1.875 
0.75 -1.77083333333333325931847 
0.75 -1.69999999999999995559108 
0.421875 -1.875 

0.375 -1.61666666666666647422801 
0.375 -1.75 
0.75 -1.5 
0.59375 -1.5 
0.375 -1.61666666666666647422801 

0.375 -1.79999999999999982236432 
0.375 -1.875 
0.5625 -1.875 
0.75 -1.75 
0.75 -1.59999999999999986677324 
0.375 -1.79999999999999982236432 

0.375 -1.69999999999999995559108 
0.375 -1.875 
0.515625 -1.875 
0.75 -1.71875 
0.75 -1.5 
0.375 -1.69999999999999995559108 

0.75 -1.71875 
1.078125 -1.5 
0.75 -1.5 
0.75 -1.71875 

0.75 -1.59999999999999986677324 
0.75 -1.75 
1.125 -1.5 
0.9375 -1.5 
0.75 -1.59999999999999986677324 

0.75 -1.69999999999999995559108 
0.75 -1.77083333333333325931847 
1.125 -1.52083333333333325931847 
1.125 -1.5 
0.75 -1.69999999999999995559108 

0.9375 -1.5 
1.125 -1.5 
1.125 -1.375 
0.9375 -1.5 

0.75 -1.40625 
0.75 -1.5 
1.078125 -1.5 
1.125 -1.45833333333333325931847 
1.125 -1.15625 
0.75 -1.40625 

0.75 -1.39583333333333325931847 
0.75 -1.5 
1.03125 -1.5 
1.125 -1.41666666666666651863693 
1.125 -1.14583333333333325931847 
0.75 -1.39583333333333325931847 

0.375 -1.0625 
0.609375 -0.75 
0.375 -0.75 
0.375 -1.0625 

0.46875 -0.75 
0.375 -0.833333333333333259318465 
0.375 -1.125 
0.38906249999999997779554 -1.125 
0.67031249999999997779554 -0.75 
0.46875 -0.75 

0.046875 -1.125 
0.375 -1.125 
0.375 -0.833333333333333259318465 
0.046875 -1.125 

0 -1.0625 
0.234375 -0.75 
0 -0.75 
0 -1.0625 

0 -0.833333333333333259318465 
0 -1.125 
0.09375 -1.125 
0.375 -0.75 
0.09375 -0.75 
0 -0.833333333333333259318465 

0 -1.08333333333333325931847 
0 -1.125 
0.328125 -1.125 
0.375 -1.0625 
0.375 -0.75 
0 -1.08333333333333325931847 

0.59375 -1.5 
0.75 -1.5 
0.75 -1.39583333333333325931847 
0.59375 -1.5 

0.375 -1.13749999999999995559108 
0.38906249999999997779554 -1.125 
0.375 -1.125 
0.375 -1.13749999999999995559108 

0.046875 -1.875 
0.375 -1.875 
0.375 -1.69999999999999995559108 
0.046875 -1.875 

0 -1.81666666666666665186369 
0 -1.875 
0.1875 -1.875 
0.375 -1.75 
0.375 -1.61666666666666647422801 
0 -1.81666666666666665186369 

0.375 -1.97499999999999986677324 
0.5625 -1.875 
0.375 -1.875 
0.375 -1.97499999999999986677324 

0.421875 -1.875 
0.375 -1.89583333333333325931847 
0.375 -1.99166666666666647422801 
0.59375 -1.875 
0.421875 -1.875 

0 -1.97499999999999986677324 
0.1875 -1.875 
0 -1.875 
0 -1.97499999999999986677324 

0 -1.89583333333333325931847 
0 -2.07499999999999973354647 
0.375 -1.875 
0.046875 -1.875 
0 -1.89583333333333325931847 

0 -2.04166666666666651863693 
0 -2.17499999999999982236432 
0.375 -1.97499999999999986677324 
0.375 -1.875 
0 -2.04166666666666651863693 

0 -2.0625 
0 -2.19166666666666642981909 
0.375 -1.99166666666666647422801 
0.375 -1.89583333333333325931847 
0 -2.0625 

0.375 0.375 
0.65625 0.375 
0.375 0.75 
0.375 0.375 

0.375 0.75 
0.515625 0.375 
0.67031249999999997779554 0.375 
0.38906249999999997779554 0.75 
0.375 0.75 

0 0.908333333333333325931847 
0.118749999999999994448885 0.75 
0.2109375 0.75 
0 0.9375 
0 0.908333333333333325931847 

0 0.9375 
0.140625 0.75 
0.267187499999999966693309 0.75 
0 0.987499999999999933386619 
0 0.9375 

0 0.947916666666666629659233 
0.1484375 0.75 
0.32343749999999998889777 0.75 
0 1.03749999999999986677324 
0 0.947916666666666629659233 

0 1.02083333333333325931847 
0.203125 0.75 
0.375 0.75 
0.375 0.754166666666666651863693 
0 1.08749999999999991118216 
0 1.02083333333333325931847 

0 1.03125 
0.2109375 0.75 
0.375 0.75 
0.375 0.762499999999999955591079 
0 1.09583333333333321490954 
0 1.03125 

0.203125 0.75 
0.34375 0.375 
0.375 0.375 
0.375 0.75 
0.203125 0.75 

0.2890625 0.375 
0.375 0.375 
0.375 0.681249999999999911182158 
0.32343749999999998889777 0.75 
0.1484375 0.75 
0.2890625 0.375 

0.140625 0.75 
0.28125 0.375 
0.375 0.375 
0.375 0.606249999999999955591079 
0.267187499999999966693309 0.75 
0.140625 0.75 

0.118749999999999994448885 0.75 
0.259374999999999966693309 0.375 
0.375 0.375 
0.375 0.53125 
0.2109375 0.75 
0.118749999999999994448885 0.75 

0 0.375 
0.1171875 0.375 
0 0.53125 
0 0.375 

0 0.416666666666666629659233 
0.015625 0.375 
0.140625 0.375 
0 0.5625 
0 0.416666666666666629659233 

0 0.5625 
0.0703125 0.375 
0.25 0.375 
0 0.708333333333333259318465 
0 0.5625 

0 0.578125 
0.076171875 0.375 
0.265625 0.375 
0 0.729166666666666629659233 
0 0.578125 

0 0.6875 
0.1171875 0.375 
0.270312499999999955591079 0.375 
0 0.735416666666666607454772 
0 0.6875 

0.259374999999999966693309 0.375 
0.259374999999999966693309 0 
0.375 0 
0.375 0.375 
0.259374999999999966693309 0.375 

0.1171875 0.375 
0.1171875 0 
0.375 0 
0.375 0.0958333333333333259318465 
0.270312499999999955591079 0.375 
0.1171875 0.375 

0.076171875 0 
0.375 0 
0.375 0.0833333333333333287074041 
0.265625 0.375 
0.076171875 0.375 
0.076171875 0 

0.0703125 0.375 
0.0703125 0 
0.375 0 
0.375 0.041666666666666664353702 
0.25 0.375 
0.0703125 0.375 

0.015625 0.375 
0.015625 0 
0.28125 0 
0.140625 0.375 
0.015625 0.375 

0 0.375 
0 0 
0.2578125 0 
0.1171875 0.375 
0 0.375 

0.515625 0.375 
0.515625 0 
0.75 0 
0.75 0.16249999999999997779554 
0.67031249999999997779554 0.375 
0.515625 0.375 

0.375 0.375 
0.375 0 
0.75 0 
0.75 0.125 
0.65625 0.375 
0.375 0.375 

0.375 0.75 
0.38906249999999997779554 0.75 
0.375 0.762499999999999955591079 
0.375 0.75 

0 0 
0 -0.375 
0.2578125 -0.375 
0.2578125 0 
0 0 

0.015625 0 
0 -0.041666666666666664353702 
0 -0.375 
0.28125 -0.375 
0.28125 0 
0.015625 0 

0.0703125 0 
0 -0.1875 
0 -0.375 
0.375 -0.375 
0.375 0 
0.0703125 0 

0.09375 -0.75 
0.375 -0.75 
0.375 -0.375 
0.09375 -0.75 

0 -0.75 
0.234375 -0.75 
0.375 -0.375 
0 -0.375 
0 -0.75 

0.46875 -0.75 
0.67031249999999997779554 -0.75 
0.75 -0.53749999999999997779554 
0.75 -0.375 
0.46875 -0.75 

0.375 -0.375 
0.375 -0.75 
0.609375 -0.75 
0.75 -0.375 
0.375 -0.375 

0.75 0 
0.75 -0.375 
0.81093749999999997779554 -0.375 
0.81093749999999997779554 0 
0.75 0 

0.75 -0.375 
0.75 -0.53749999999999997779554 
0.81093749999999997779554 -0.375 
0.75 -0.375 

0.75 0 
0.81093749999999997779554 0 
0.75 0.16249999999999997779554 
0.75 0 

0 -1.41666666666666651863693 
0.328125 -1.125 
0 -1.125 
0 -1.41666666666666651863693 

0 -1.15625 
0 -1.45833333333333325931847 
0.375 -1.125 
0.046875 -1.125 
0 -1.15625 

0 -1.375 
0 -1.47083333333333321490954 
0.375 -1.13749999999999995559108 
0.375 -1.125 
0 -1.375 

