0.694946153580179859510224 20.5 
0.999824202360667713129772 19.875 
1 19.875 
1 20.5 
0.694946153580179859510224 20.5 

0.399088165414499429495265 21.125 
0.821601033802625280166865 21.125 
0.229885057471264364625796 21.75 
0.111731843575418987590808 21.75 
0.399088165414499429495265 21.125 

0.111731843575418987590808 21.75 
0.229885057471264364625796 21.75 
0 22 
0.111731843575418987590808 21.75 

0.694946153580179859510224 20.5 
1 20.5 
1 20.9421410596476889054429 
0.821601033802625280166865 21.125 
0.399088165414499429495265 21.125 
0.694946153580179859510224 20.5 

0.999824202360667713129772 19.875 
1 19.8746506021918243334312 
1 19.875 
0.999824202360667713129772 19.875 

