1.5 1.5 
3 1.5 
3 3 
1.5 3 
1.5 1.5 

2.25 -1.5 
3 -1.5 
3 0 
2.25 0 
2.25 -1.5 

1.125 -0.75 
1.5 -0.75 
1.5 0 
1.125 0 
1.125 -0.75 

1.5 -3 
3 -3 
3 -1.5 
1.5 -1.5 
1.5 -3 

1.875 -0.375 
2.25 -0.375 
2.25 0 
1.875 0 
1.875 -0.375 

1.875 -1.5 
2.25 -1.5 
2.25 -0.75 
1.875 -0.75 
1.875 -1.5 

1.5 0 
1.5 -0.375 
1.875 -0.375 
1.875 0 
1.5 0 

1.875 -0.75 
2.25 -0.75 
2.25 -0.375 
1.875 -0.375 
1.875 -0.75 

0 3 
0 1.5 
1.5 1.5 
1.5 3 
0 3 

2.25 0 
3 0 
3 1.5 
2.25 1.5 
2.25 0 

1.5 1.5 
1.5 0.75 
2.25 0.75 
2.25 1.5 
1.5 1.5 

1.875 0.375 
2.25 0.375 
2.25 0.75 
1.875 0.75 
1.875 0.375 

1.5 0.75 
1.5 0 
1.875 0 
1.875 0.75 
1.5 0.75 

1.875 0 
2.25 0 
2.25 0.375 
1.875 0.375 
1.875 0 

1.5 -0.375 
1.5 -0.75 
1.875 -0.75 
1.875 -0.375 
1.5 -0.375 

1.5 -0.75 
1.5 -1.125 
1.875 -1.125 
1.875 -0.75 
1.5 -0.75 

1.5 -1.125 
1.5 -1.5 
1.875 -1.5 
1.875 -1.125 
1.5 -1.125 

1.125 -1.875 
1.5 -1.875 
1.5 -1.5 
1.125 -1.5 
1.125 -1.875 

0.375 -0.375 
0.75 -0.375 
0.75 0 
0.375 0 
0.375 -0.375 

1.125 -1.125 
1.5 -1.125 
1.5 -0.75 
1.125 -0.75 
1.125 -1.125 

0.75 -0.75 
0.75 -1.125 
1.125 -1.125 
1.125 -0.75 
0.75 -0.75 

1.125 -1.5 
1.5 -1.5 
1.5 -1.125 
1.125 -1.125 
1.125 -1.5 

0.375 -1.875 
0.75 -1.875 
0.75 -1.5 
0.375 -1.5 
0.375 -1.875 

0.75 -3 
1.5 -3 
1.5 -2.25 
0.75 -2.25 
0.75 -3 

0.75 -1.5 
0.75 -1.875 
1.125 -1.875 
1.125 -1.5 
0.75 -1.5 

0.75 -1.875 
0.75 -2.25 
1.125 -2.25 
1.125 -1.875 
0.75 -1.875 

1.125 -2.25 
1.5 -2.25 
1.5 -1.875 
1.125 -1.875 
1.125 -2.25 

0.75 -1.125 
0.75 -1.5 
1.125 -1.5 
1.125 -1.125 
0.75 -1.125 

0.375 -1.125 
0.75 -1.125 
0.75 -0.75 
0.375 -0.75 
0.375 -1.125 

0 -0.75 
0 -1.125 
0.375 -1.125 
0.375 -0.75 
0 -0.75 

0.375 -1.5 
0.75 -1.5 
0.75 -1.125 
0.375 -1.125 
0.375 -1.5 

0 -2.25 
0 -3 
0.75 -3 
0.75 -2.25 
0 -2.25 

0 -1.5 
0 -1.875 
0.375 -1.875 
0.375 -1.5 
0 -1.5 

0.375 -2.25 
0.75 -2.25 
0.75 -1.875 
0.375 -1.875 
0.375 -2.25 

0 -1.875 
0 -2.25 
0.375 -2.25 
0.375 -1.875 
0 -1.875 

0.75 0.75 
1.5 0.75 
1.5 1.5 
0.75 1.5 
0.75 0.75 

0.375 1.125 
0.75 1.125 
0.75 1.5 
0.375 1.5 
0.375 1.125 

0.375 0.375 
0.75 0.375 
0.75 0.75 
0.375 0.75 
0.375 0.375 

0 1.5 
0 1.125 
0.375 1.125 
0.375 1.5 
0 1.5 

0 1.125 
0 0.75 
0.375 0.75 
0.375 1.125 
0 1.125 

0 0.75 
0 0.375 
0.375 0.375 
0.375 0.75 
0 0.75 

0 0.375 
0 0 
0.375 0 
0.375 0.375 
0 0.375 

0.375 0 
0.75 0 
0.75 0.375 
0.375 0.375 
0.375 0 

0.375 0.75 
0.75 0.75 
0.75 1.125 
0.375 1.125 
0.375 0.75 

0 0 
0 -0.375 
0.375 -0.375 
0.375 0 
0 0 

0 -0.375 
0 -0.75 
0.375 -0.75 
0.375 -0.375 
0 -0.375 

0.375 -0.75 
0.75 -0.75 
0.75 -0.375 
0.375 -0.375 
0.375 -0.75 

0.75 0 
0.75 -0.375 
1.125 -0.375 
1.125 0 
0.75 0 

0.75 -0.375 
0.75 -0.75 
1.125 -0.75 
1.125 -0.375 
0.75 -0.375 

1.125 0 
1.5 0 
1.5 0.75 
1.125 0.75 
1.125 0 

0.75 0.75 
0.75 0.375 
1.125 0.375 
1.125 0.75 
0.75 0.75 

0.75 0.375 
0.75 0 
1.125 0 
1.125 0.375 
0.75 0.375 

0 -1.125 
0 -1.5 
0.375 -1.5 
0.375 -1.125 
0 -1.125 

