1.5 1.5 
3 1.5 
3 3 
1.5 3 
1.5 1.5 

2.25 -1.5 
3 -1.5 
3 0 
2.25 0 
2.25 -1.5 

0.75 -0.75 
1.5 -0.75 
1.5 0 
0.75 0 
0.75 -0.75 

1.5 -3 
3 -3 
3 -1.5 
1.5 -1.5 
1.5 -3 

2.0625 -0.375 
2.25 -0.375 
2.25 0 
2.0625 0 
2.0625 -0.375 

1.875 -1.5 
2.25 -1.5 
2.25 -0.75 
1.875 -0.75 
1.875 -1.5 

1.5 0 
1.5 -0.375 
1.875 -0.375 
1.875 0 
1.5 0 

2.0625 -0.75 
2.25 -0.75 
2.25 -0.375 
2.0625 -0.375 
2.0625 -0.75 

2.015625 -0.09375 
2.0625 -0.09375 
2.0625 0 
2.015625 0 
2.015625 -0.09375 

2.015625 -0.28125 
2.0625 -0.28125 
2.0625 -0.1875 
2.015625 -0.1875 
2.015625 -0.28125 

1.875 0 
1.875 -0.1875 
1.96875 -0.1875 
1.96875 0 
1.875 0 

2.015625 -0.1875 
2.0625 -0.1875 
2.0625 -0.09375 
2.015625 -0.09375 
2.015625 -0.1875 

1.96875 0 
1.96875 -0.046875 
2.015625 -0.046875 
2.015625 0 
1.96875 0 

1.96875 -0.046875 
1.96875 -0.09375 
2.015625 -0.09375 
2.015625 -0.046875 
1.96875 -0.046875 

0 3 
0 1.5 
1.5 1.5 
1.5 3 
0 3 

2.25 0 
3 0 
3 1.5 
2.25 1.5 
2.25 0 

1.5 1.5 
1.5 0.75 
2.25 0.75 
2.25 1.5 
1.5 1.5 

1.875 0.375 
2.25 0.375 
2.25 0.75 
1.875 0.75 
1.875 0.375 

1.5 0.75 
1.5 0 
1.875 0 
1.875 0.75 
1.5 0.75 

2.0625 0 
2.25 0 
2.25 0.375 
2.0625 0.375 
2.0625 0 

1.875 0.375 
1.875 0.1875 
2.0625 0.1875 
2.0625 0.375 
1.875 0.375 

1.96875 0.09375 
2.0625 0.09375 
2.0625 0.1875 
1.96875 0.1875 
1.96875 0.09375 

1.875 0.1875 
1.875 0 
1.96875 0 
1.96875 0.1875 
1.875 0.1875 

2.015625 0 
2.0625 0 
2.0625 0.09375 
2.015625 0.09375 
2.015625 0 

1.96875 0.09375 
1.96875 0.046875 
2.015625 0.046875 
2.015625 0.09375 
1.96875 0.09375 

1.96875 0.046875 
1.96875 0 
2.015625 0 
2.015625 0.046875 
1.96875 0.046875 

1.96875 -0.09375 
1.96875 -0.140625 
2.015625 -0.140625 
2.015625 -0.09375 
1.96875 -0.09375 

1.96875 -0.140625 
1.96875 -0.1875 
2.015625 -0.1875 
2.015625 -0.140625 
1.96875 -0.140625 

1.921875 -0.234375 
1.96875 -0.234375 
1.96875 -0.1875 
1.921875 -0.1875 
1.921875 -0.234375 

1.96875 -0.375 
2.0625 -0.375 
2.0625 -0.28125 
1.96875 -0.28125 
1.96875 -0.375 

1.96875 -0.1875 
1.96875 -0.234375 
2.015625 -0.234375 
2.015625 -0.1875 
1.96875 -0.1875 

1.96875 -0.234375 
1.96875 -0.28125 
2.015625 -0.28125 
2.015625 -0.234375 
1.96875 -0.234375 

1.921875 -0.328125 
1.96875 -0.328125 
1.96875 -0.28125 
1.921875 -0.28125 
1.921875 -0.328125 

1.875 -0.1875 
1.875 -0.28125 
1.921875 -0.28125 
1.921875 -0.1875 
1.875 -0.1875 

1.921875 -0.28125 
1.96875 -0.28125 
1.96875 -0.234375 
1.921875 -0.234375 
1.921875 -0.28125 

1.875 -0.28125 
1.875 -0.328125 
1.921875 -0.328125 
1.921875 -0.28125 
1.875 -0.28125 

1.921875 -0.375 
1.96875 -0.375 
1.96875 -0.328125 
1.921875 -0.328125 
1.921875 -0.375 

1.96875 -0.5625 
2.0625 -0.5625 
2.0625 -0.375 
1.96875 -0.375 
1.96875 -0.5625 

1.875 -0.5625 
1.875 -0.75 
2.0625 -0.75 
2.0625 -0.5625 
1.875 -0.5625 

1.921875 -0.421875 
1.96875 -0.421875 
1.96875 -0.375 
1.921875 -0.375 
1.921875 -0.421875 

1.921875 -0.5625 
1.96875 -0.5625 
1.96875 -0.46875 
1.921875 -0.46875 
1.921875 -0.5625 

1.875 -0.375 
1.875 -0.421875 
1.921875 -0.421875 
1.921875 -0.375 
1.875 -0.375 

1.921875 -0.46875 
1.96875 -0.46875 
1.96875 -0.421875 
1.921875 -0.421875 
1.921875 -0.46875 

1.875 -0.328125 
1.875 -0.375 
1.921875 -0.375 
1.921875 -0.328125 
1.875 -0.328125 

1.875 -0.421875 
1.875 -0.46875 
1.921875 -0.46875 
1.921875 -0.421875 
1.875 -0.421875 

1.875 -0.46875 
1.875 -0.515625 
1.921875 -0.515625 
1.921875 -0.46875 
1.875 -0.46875 

1.875 -0.515625 
1.875 -0.5625 
1.921875 -0.5625 
1.921875 -0.515625 
1.875 -0.515625 

1.78125 -0.46875 
1.875 -0.46875 
1.875 -0.375 
1.78125 -0.375 
1.78125 -0.46875 

1.5 -0.375 
1.5 -0.75 
1.6875 -0.75 
1.6875 -0.375 
1.5 -0.375 

1.828125 -0.609375 
1.875 -0.609375 
1.875 -0.5625 
1.828125 -0.5625 
1.828125 -0.609375 

1.6875 -0.375 
1.6875 -0.5625 
1.78125 -0.5625 
1.78125 -0.375 
1.6875 -0.375 

1.828125 -0.515625 
1.875 -0.515625 
1.875 -0.46875 
1.828125 -0.46875 
1.828125 -0.515625 

1.78125 -0.46875 
1.78125 -0.5625 
1.828125 -0.5625 
1.828125 -0.46875 
1.78125 -0.46875 

1.828125 -0.5625 
1.875 -0.5625 
1.875 -0.515625 
1.828125 -0.515625 
1.828125 -0.5625 

1.734375 -0.609375 
1.78125 -0.609375 
1.78125 -0.5625 
1.734375 -0.5625 
1.734375 -0.609375 

1.828125 -0.75 
1.875 -0.75 
1.875 -0.65625 
1.828125 -0.65625 
1.828125 -0.75 

1.78125 -0.5625 
1.78125 -0.609375 
1.828125 -0.609375 
1.828125 -0.5625 
1.78125 -0.5625 

1.828125 -0.65625 
1.875 -0.65625 
1.875 -0.609375 
1.828125 -0.609375 
1.828125 -0.65625 

1.78125 -0.609375 
1.78125 -0.65625 
1.828125 -0.65625 
1.828125 -0.609375 
1.78125 -0.609375 

1.78125 -0.65625 
1.78125 -0.703125 
1.828125 -0.703125 
1.828125 -0.65625 
1.78125 -0.65625 

1.78125 -0.703125 
1.78125 -0.75 
1.828125 -0.75 
1.828125 -0.703125 
1.78125 -0.703125 

1.734375 -0.703125 
1.78125 -0.703125 
1.78125 -0.65625 
1.734375 -0.65625 
1.734375 -0.703125 

1.6875 -0.65625 
1.6875 -0.703125 
1.734375 -0.703125 
1.734375 -0.65625 
1.6875 -0.65625 

1.734375 -0.75 
1.78125 -0.75 
1.78125 -0.703125 
1.734375 -0.703125 
1.734375 -0.75 

1.6875 -0.5625 
1.6875 -0.65625 
1.734375 -0.65625 
1.734375 -0.5625 
1.6875 -0.5625 

1.734375 -0.65625 
1.78125 -0.65625 
1.78125 -0.609375 
1.734375 -0.609375 
1.734375 -0.65625 

1.78125 -0.9375 
1.875 -0.9375 
1.875 -0.75 
1.78125 -0.75 
1.78125 -0.9375 

1.5 -1.125 
1.5 -1.5 
1.875 -1.5 
1.875 -1.125 
1.5 -1.125 

1.640625 -0.796875 
1.6875 -0.796875 
1.6875 -0.75 
1.640625 -0.75 
1.640625 -0.796875 

1.6875 -1.125 
1.875 -1.125 
1.875 -0.9375 
1.6875 -0.9375 
1.6875 -1.125 

1.734375 -0.796875 
1.78125 -0.796875 
1.78125 -0.75 
1.734375 -0.75 
1.734375 -0.796875 

1.6875 -0.84375 
1.6875 -0.9375 
1.78125 -0.9375 
1.78125 -0.84375 
1.6875 -0.84375 

1.6875 -0.75 
1.6875 -0.796875 
1.734375 -0.796875 
1.734375 -0.75 
1.6875 -0.75 

1.6875 -0.796875 
1.6875 -0.84375 
1.734375 -0.84375 
1.734375 -0.796875 
1.6875 -0.796875 

1.734375 -0.84375 
1.78125 -0.84375 
1.78125 -0.796875 
1.734375 -0.796875 
1.734375 -0.84375 

1.6875 -0.703125 
1.6875 -0.75 
1.734375 -0.75 
1.734375 -0.703125 
1.6875 -0.703125 

1.59375 -1.125 
1.6875 -1.125 
1.6875 -0.9375 
1.59375 -0.9375 
1.59375 -1.125 

1.5 -0.75 
1.5 -0.84375 
1.59375 -0.84375 
1.59375 -0.75 
1.5 -0.75 

1.640625 -0.890625 
1.6875 -0.890625 
1.6875 -0.84375 
1.640625 -0.84375 
1.640625 -0.890625 

1.59375 -0.75 
1.59375 -0.796875 
1.640625 -0.796875 
1.640625 -0.75 
1.59375 -0.75 

1.640625 -0.84375 
1.6875 -0.84375 
1.6875 -0.796875 
1.640625 -0.796875 
1.640625 -0.84375 

1.59375 -0.84375 
1.59375 -0.890625 
1.640625 -0.890625 
1.640625 -0.84375 
1.59375 -0.84375 

1.640625 -0.9375 
1.6875 -0.9375 
1.6875 -0.890625 
1.640625 -0.890625 
1.640625 -0.9375 

1.59375 -0.796875 
1.59375 -0.84375 
1.640625 -0.84375 
1.640625 -0.796875 
1.59375 -0.796875 

1.59375 -0.890625 
1.59375 -0.9375 
1.640625 -0.9375 
1.640625 -0.890625 
1.59375 -0.890625 

1.546875 -0.890625 
1.59375 -0.890625 
1.59375 -0.84375 
1.546875 -0.84375 
1.546875 -0.890625 

1.5 -0.84375 
1.5 -0.890625 
1.546875 -0.890625 
1.546875 -0.84375 
1.5 -0.84375 

1.546875 -0.9375 
1.59375 -0.9375 
1.59375 -0.890625 
1.546875 -0.890625 
1.546875 -0.9375 

1.546875 -0.984375 
1.59375 -0.984375 
1.59375 -0.9375 
1.546875 -0.9375 
1.546875 -0.984375 

1.5 -1.03125 
1.5 -1.125 
1.59375 -1.125 
1.59375 -1.03125 
1.5 -1.03125 

1.5 -0.9375 
1.5 -0.984375 
1.546875 -0.984375 
1.546875 -0.9375 
1.5 -0.9375 

1.546875 -1.03125 
1.59375 -1.03125 
1.59375 -0.984375 
1.546875 -0.984375 
1.546875 -1.03125 

1.5 -0.890625 
1.5 -0.9375 
1.546875 -0.9375 
1.546875 -0.890625 
1.5 -0.890625 

1.5 -0.984375 
1.5 -1.03125 
1.546875 -1.03125 
1.546875 -0.984375 
1.5 -0.984375 

1.125 -2.25 
1.5 -2.25 
1.5 -1.5 
1.125 -1.5 
1.125 -2.25 

0.5625 -0.375 
0.75 -0.375 
0.75 0 
0.5625 0 
0.5625 -0.375 

1.3125 -0.9375 
1.5 -0.9375 
1.5 -0.75 
1.3125 -0.75 
1.3125 -0.9375 

0.75 -0.75 
0.75 -1.125 
1.125 -1.125 
1.125 -0.75 
0.75 -0.75 

1.40625 -1.3125 
1.5 -1.3125 
1.5 -1.125 
1.40625 -1.125 
1.40625 -1.3125 

1.125 -0.75 
1.125 -1.125 
1.3125 -1.125 
1.3125 -0.75 
1.125 -0.75 

1.453125 -0.984375 
1.5 -0.984375 
1.5 -0.9375 
1.453125 -0.9375 
1.453125 -0.984375 

1.3125 -0.9375 
1.3125 -1.03125 
1.40625 -1.03125 
1.40625 -0.9375 
1.3125 -0.9375 

1.453125 -1.078125 
1.5 -1.078125 
1.5 -1.03125 
1.453125 -1.03125 
1.453125 -1.078125 

1.40625 -0.9375 
1.40625 -0.984375 
1.453125 -0.984375 
1.453125 -0.9375 
1.40625 -0.9375 

1.453125 -1.03125 
1.5 -1.03125 
1.5 -0.984375 
1.453125 -0.984375 
1.453125 -1.03125 

1.40625 -1.03125 
1.40625 -1.078125 
1.453125 -1.078125 
1.453125 -1.03125 
1.40625 -1.03125 

1.40625 -1.078125 
1.40625 -1.125 
1.453125 -1.125 
1.453125 -1.078125 
1.40625 -1.078125 

1.453125 -1.125 
1.5 -1.125 
1.5 -1.078125 
1.453125 -1.078125 
1.453125 -1.125 

1.40625 -0.984375 
1.40625 -1.03125 
1.453125 -1.03125 
1.453125 -0.984375 
1.40625 -0.984375 

1.359375 -1.078125 
1.40625 -1.078125 
1.40625 -1.03125 
1.359375 -1.03125 
1.359375 -1.078125 

1.3125 -1.03125 
1.3125 -1.078125 
1.359375 -1.078125 
1.359375 -1.03125 
1.3125 -1.03125 

1.359375 -1.125 
1.40625 -1.125 
1.40625 -1.078125 
1.359375 -1.078125 
1.359375 -1.125 

1.265625 -1.171875 
1.3125 -1.171875 
1.3125 -1.125 
1.265625 -1.125 
1.265625 -1.171875 

1.3125 -1.5 
1.5 -1.5 
1.5 -1.3125 
1.3125 -1.3125 
1.3125 -1.5 

1.359375 -1.171875 
1.40625 -1.171875 
1.40625 -1.125 
1.359375 -1.125 
1.359375 -1.171875 

1.3125 -1.21875 
1.3125 -1.3125 
1.40625 -1.3125 
1.40625 -1.21875 
1.3125 -1.21875 

1.3125 -1.125 
1.3125 -1.171875 
1.359375 -1.171875 
1.359375 -1.125 
1.3125 -1.125 

1.3125 -1.171875 
1.3125 -1.21875 
1.359375 -1.21875 
1.359375 -1.171875 
1.3125 -1.171875 

1.359375 -1.21875 
1.40625 -1.21875 
1.40625 -1.171875 
1.359375 -1.171875 
1.359375 -1.21875 

1.3125 -1.078125 
1.3125 -1.125 
1.359375 -1.125 
1.359375 -1.078125 
1.3125 -1.078125 

1.21875 -1.5 
1.3125 -1.5 
1.3125 -1.3125 
1.21875 -1.3125 
1.21875 -1.5 

1.125 -1.125 
1.125 -1.21875 
1.21875 -1.21875 
1.21875 -1.125 
1.125 -1.125 

1.265625 -1.265625 
1.3125 -1.265625 
1.3125 -1.21875 
1.265625 -1.21875 
1.265625 -1.265625 

1.21875 -1.125 
1.21875 -1.171875 
1.265625 -1.171875 
1.265625 -1.125 
1.21875 -1.125 

1.265625 -1.21875 
1.3125 -1.21875 
1.3125 -1.171875 
1.265625 -1.171875 
1.265625 -1.21875 

1.21875 -1.21875 
1.21875 -1.265625 
1.265625 -1.265625 
1.265625 -1.21875 
1.21875 -1.21875 

1.21875 -1.265625 
1.21875 -1.3125 
1.265625 -1.3125 
1.265625 -1.265625 
1.21875 -1.265625 

1.265625 -1.3125 
1.3125 -1.3125 
1.3125 -1.265625 
1.265625 -1.265625 
1.265625 -1.3125 

1.21875 -1.171875 
1.21875 -1.21875 
1.265625 -1.21875 
1.265625 -1.171875 
1.21875 -1.171875 

1.171875 -1.265625 
1.21875 -1.265625 
1.21875 -1.21875 
1.171875 -1.21875 
1.171875 -1.265625 

1.125 -1.21875 
1.125 -1.265625 
1.171875 -1.265625 
1.171875 -1.21875 
1.125 -1.21875 

1.171875 -1.3125 
1.21875 -1.3125 
1.21875 -1.265625 
1.171875 -1.265625 
1.171875 -1.3125 

1.125 -1.265625 
1.125 -1.3125 
1.171875 -1.3125 
1.171875 -1.265625 
1.125 -1.265625 

1.171875 -1.40625 
1.21875 -1.40625 
1.21875 -1.3125 
1.171875 -1.3125 
1.171875 -1.40625 

1.125 -1.40625 
1.125 -1.5 
1.21875 -1.5 
1.21875 -1.40625 
1.125 -1.40625 

1.125 -1.3125 
1.125 -1.359375 
1.171875 -1.359375 
1.171875 -1.3125 
1.125 -1.3125 

1.125 -1.359375 
1.125 -1.40625 
1.171875 -1.40625 
1.171875 -1.359375 
1.125 -1.359375 

1.03125 -1.21875 
1.125 -1.21875 
1.125 -1.125 
1.03125 -1.125 
1.03125 -1.21875 

0.75 -1.125 
0.75 -1.3125 
0.9375 -1.3125 
0.9375 -1.125 
0.75 -1.125 

1.078125 -1.359375 
1.125 -1.359375 
1.125 -1.3125 
1.078125 -1.3125 
1.078125 -1.359375 

0.984375 -1.359375 
1.03125 -1.359375 
1.03125 -1.3125 
0.984375 -1.3125 
0.984375 -1.359375 

1.078125 -1.5 
1.125 -1.5 
1.125 -1.40625 
1.078125 -1.40625 
1.078125 -1.5 

1.03125 -1.3125 
1.03125 -1.359375 
1.078125 -1.359375 
1.078125 -1.3125 
1.03125 -1.3125 

1.078125 -1.40625 
1.125 -1.40625 
1.125 -1.359375 
1.078125 -1.359375 
1.078125 -1.40625 

0.9375 -1.125 
0.9375 -1.3125 
1.03125 -1.3125 
1.03125 -1.125 
0.9375 -1.125 

1.078125 -1.265625 
1.125 -1.265625 
1.125 -1.21875 
1.078125 -1.21875 
1.078125 -1.265625 

1.03125 -1.21875 
1.03125 -1.3125 
1.078125 -1.3125 
1.078125 -1.21875 
1.03125 -1.21875 

1.078125 -1.3125 
1.125 -1.3125 
1.125 -1.265625 
1.078125 -1.265625 
1.078125 -1.3125 

1.03125 -1.359375 
1.03125 -1.40625 
1.078125 -1.40625 
1.078125 -1.359375 
1.03125 -1.359375 

0.984375 -1.453125 
1.03125 -1.453125 
1.03125 -1.40625 
0.984375 -1.40625 
0.984375 -1.453125 

0.9375 -1.40625 
0.9375 -1.453125 
0.984375 -1.453125 
0.984375 -1.40625 
0.9375 -1.40625 

0.984375 -1.5 
1.03125 -1.5 
1.03125 -1.453125 
0.984375 -1.453125 
0.984375 -1.5 

0.9375 -1.3125 
0.9375 -1.359375 
0.984375 -1.359375 
0.984375 -1.3125 
0.9375 -1.3125 

0.984375 -1.40625 
1.03125 -1.40625 
1.03125 -1.359375 
0.984375 -1.359375 
0.984375 -1.40625 

1.03125 -1.40625 
1.03125 -1.453125 
1.078125 -1.453125 
1.078125 -1.40625 
1.03125 -1.40625 

1.03125 -1.453125 
1.03125 -1.5 
1.078125 -1.5 
1.078125 -1.453125 
1.03125 -1.453125 

0.9375 -1.453125 
0.9375 -1.5 
0.984375 -1.5 
0.984375 -1.453125 
0.9375 -1.453125 

0.9375 -1.359375 
0.9375 -1.40625 
0.984375 -1.40625 
0.984375 -1.359375 
0.9375 -1.359375 

0.84375 -1.40625 
0.9375 -1.40625 
0.9375 -1.3125 
0.84375 -1.3125 
0.84375 -1.40625 

0.75 -1.3125 
0.75 -1.40625 
0.84375 -1.40625 
0.84375 -1.3125 
0.75 -1.3125 

0.890625 -1.453125 
0.9375 -1.453125 
0.9375 -1.40625 
0.890625 -1.40625 
0.890625 -1.453125 

0.84375 -1.40625 
0.84375 -1.453125 
0.890625 -1.453125 
0.890625 -1.40625 
0.84375 -1.40625 

0.890625 -1.5 
0.9375 -1.5 
0.9375 -1.453125 
0.890625 -1.453125 
0.890625 -1.5 

0.703125 -1.546875 
0.75 -1.546875 
0.75 -1.5 
0.703125 -1.5 
0.703125 -1.546875 

0.75 -3 
1.5 -3 
1.5 -2.25 
0.75 -2.25 
0.75 -3 

0.9375 -1.875 
1.125 -1.875 
1.125 -1.5 
0.9375 -1.5 
0.9375 -1.875 

0.75 -1.875 
0.75 -2.25 
1.125 -2.25 
1.125 -1.875 
0.75 -1.875 

0.890625 -1.546875 
0.9375 -1.546875 
0.9375 -1.5 
0.890625 -1.5 
0.890625 -1.546875 

0.75 -1.6875 
0.75 -1.875 
0.9375 -1.875 
0.9375 -1.6875 
0.75 -1.6875 

0.796875 -1.546875 
0.84375 -1.546875 
0.84375 -1.5 
0.796875 -1.5 
0.796875 -1.546875 

0.84375 -1.6875 
0.9375 -1.6875 
0.9375 -1.59375 
0.84375 -1.59375 
0.84375 -1.6875 

0.84375 -1.5 
0.84375 -1.546875 
0.890625 -1.546875 
0.890625 -1.5 
0.84375 -1.5 

0.890625 -1.59375 
0.9375 -1.59375 
0.9375 -1.546875 
0.890625 -1.546875 
0.890625 -1.59375 

0.84375 -1.453125 
0.84375 -1.5 
0.890625 -1.5 
0.890625 -1.453125 
0.84375 -1.453125 

0.84375 -1.546875 
0.84375 -1.59375 
0.890625 -1.59375 
0.890625 -1.546875 
0.84375 -1.546875 

0.796875 -1.453125 
0.84375 -1.453125 
0.84375 -1.40625 
0.796875 -1.40625 
0.796875 -1.453125 

0.75 -1.40625 
0.75 -1.5 
0.796875 -1.5 
0.796875 -1.40625 
0.75 -1.40625 

0.796875 -1.5 
0.84375 -1.5 
0.84375 -1.453125 
0.796875 -1.453125 
0.796875 -1.5 

0.796875 -1.6875 
0.84375 -1.6875 
0.84375 -1.59375 
0.796875 -1.59375 
0.796875 -1.6875 

0.75 -1.5 
0.75 -1.546875 
0.796875 -1.546875 
0.796875 -1.5 
0.75 -1.5 

0.796875 -1.59375 
0.84375 -1.59375 
0.84375 -1.546875 
0.796875 -1.546875 
0.796875 -1.59375 

0.75 -1.546875 
0.75 -1.59375 
0.796875 -1.59375 
0.796875 -1.546875 
0.75 -1.546875 

0 -2.25 
0 -3 
0.75 -3 
0.75 -2.25 
0 -2.25 

0.1875 -1.6875 
0.375 -1.6875 
0.375 -1.5 
0.1875 -1.5 
0.1875 -1.6875 

0.375 -2.25 
0.75 -2.25 
0.75 -1.875 
0.375 -1.875 
0.375 -2.25 

0.46875 -1.59375 
0.5625 -1.59375 
0.5625 -1.5 
0.46875 -1.5 
0.46875 -1.59375 

0.65625 -1.875 
0.75 -1.875 
0.75 -1.6875 
0.65625 -1.6875 
0.65625 -1.875 

0.5625 -1.5 
0.5625 -1.59375 
0.65625 -1.59375 
0.65625 -1.5 
0.5625 -1.5 

0.703125 -1.640625 
0.75 -1.640625 
0.75 -1.59375 
0.703125 -1.59375 
0.703125 -1.640625 

0.65625 -1.5 
0.65625 -1.546875 
0.703125 -1.546875 
0.703125 -1.5 
0.65625 -1.5 

0.703125 -1.59375 
0.75 -1.59375 
0.75 -1.546875 
0.703125 -1.546875 
0.703125 -1.59375 

0.75 -1.59375 
0.75 -1.640625 
0.796875 -1.640625 
0.796875 -1.59375 
0.75 -1.59375 

0.75 -1.640625 
0.75 -1.6875 
0.796875 -1.6875 
0.796875 -1.640625 
0.75 -1.640625 

0.65625 -1.59375 
0.65625 -1.640625 
0.703125 -1.640625 
0.703125 -1.59375 
0.65625 -1.59375 

0.703125 -1.6875 
0.75 -1.6875 
0.75 -1.640625 
0.703125 -1.640625 
0.703125 -1.6875 

0.65625 -1.546875 
0.65625 -1.59375 
0.703125 -1.59375 
0.703125 -1.546875 
0.65625 -1.546875 

0.65625 -1.640625 
0.65625 -1.6875 
0.703125 -1.6875 
0.703125 -1.640625 
0.65625 -1.640625 

0.609375 -1.640625 
0.65625 -1.640625 
0.65625 -1.59375 
0.609375 -1.59375 
0.609375 -1.640625 

0.5625 -1.59375 
0.5625 -1.640625 
0.609375 -1.640625 
0.609375 -1.59375 
0.5625 -1.59375 

0.609375 -1.6875 
0.65625 -1.6875 
0.65625 -1.640625 
0.609375 -1.640625 
0.609375 -1.6875 

0.609375 -1.734375 
0.65625 -1.734375 
0.65625 -1.6875 
0.609375 -1.6875 
0.609375 -1.734375 

0.5625 -1.78125 
0.5625 -1.875 
0.65625 -1.875 
0.65625 -1.78125 
0.5625 -1.78125 

0.5625 -1.6875 
0.5625 -1.734375 
0.609375 -1.734375 
0.609375 -1.6875 
0.5625 -1.6875 

0.5625 -1.734375 
0.5625 -1.78125 
0.609375 -1.78125 
0.609375 -1.734375 
0.5625 -1.734375 

0.609375 -1.78125 
0.65625 -1.78125 
0.65625 -1.734375 
0.609375 -1.734375 
0.609375 -1.78125 

0.5625 -1.640625 
0.5625 -1.6875 
0.609375 -1.6875 
0.609375 -1.640625 
0.5625 -1.640625 

0.515625 -1.734375 
0.5625 -1.734375 
0.5625 -1.6875 
0.515625 -1.6875 
0.515625 -1.734375 

0.375 -1.5 
0.375 -1.6875 
0.46875 -1.6875 
0.46875 -1.5 
0.375 -1.5 

0.515625 -1.640625 
0.5625 -1.640625 
0.5625 -1.59375 
0.515625 -1.59375 
0.515625 -1.640625 

0.46875 -1.59375 
0.46875 -1.6875 
0.515625 -1.6875 
0.515625 -1.59375 
0.46875 -1.59375 

0.515625 -1.6875 
0.5625 -1.6875 
0.5625 -1.640625 
0.515625 -1.640625 
0.515625 -1.6875 

0.421875 -1.734375 
0.46875 -1.734375 
0.46875 -1.6875 
0.421875 -1.6875 
0.421875 -1.734375 

0.46875 -1.875 
0.5625 -1.875 
0.5625 -1.78125 
0.46875 -1.78125 
0.46875 -1.875 

0.46875 -1.6875 
0.46875 -1.734375 
0.515625 -1.734375 
0.515625 -1.6875 
0.46875 -1.6875 

0.515625 -1.78125 
0.5625 -1.78125 
0.5625 -1.734375 
0.515625 -1.734375 
0.515625 -1.78125 

0.46875 -1.734375 
0.46875 -1.78125 
0.515625 -1.78125 
0.515625 -1.734375 
0.46875 -1.734375 

0.421875 -1.828125 
0.46875 -1.828125 
0.46875 -1.78125 
0.421875 -1.78125 
0.421875 -1.828125 

0.375 -1.6875 
0.375 -1.734375 
0.421875 -1.734375 
0.421875 -1.6875 
0.375 -1.6875 

0.421875 -1.78125 
0.46875 -1.78125 
0.46875 -1.734375 
0.421875 -1.734375 
0.421875 -1.78125 

0.375 -1.78125 
0.375 -1.828125 
0.421875 -1.828125 
0.421875 -1.78125 
0.375 -1.78125 

0.421875 -1.875 
0.46875 -1.875 
0.46875 -1.828125 
0.421875 -1.828125 
0.421875 -1.875 

0.375 -1.734375 
0.375 -1.78125 
0.421875 -1.78125 
0.421875 -1.734375 
0.375 -1.734375 

0.375 -1.828125 
0.375 -1.875 
0.421875 -1.875 
0.421875 -1.828125 
0.375 -1.828125 

0.328125 -1.96875 
0.375 -1.96875 
0.375 -1.875 
0.328125 -1.875 
0.328125 -1.96875 

0 -1.5 
0 -1.875 
0.1875 -1.875 
0.1875 -1.5 
0 -1.5 

0.328125 -1.734375 
0.375 -1.734375 
0.375 -1.6875 
0.328125 -1.6875 
0.328125 -1.734375 

0.1875 -1.6875 
0.1875 -1.78125 
0.28125 -1.78125 
0.28125 -1.6875 
0.1875 -1.6875 

0.328125 -1.828125 
0.375 -1.828125 
0.375 -1.78125 
0.328125 -1.78125 
0.328125 -1.828125 

0.28125 -1.78125 
0.28125 -1.828125 
0.328125 -1.828125 
0.328125 -1.78125 
0.28125 -1.78125 

0.328125 -1.875 
0.375 -1.875 
0.375 -1.828125 
0.328125 -1.828125 
0.328125 -1.875 

0.28125 -1.6875 
0.28125 -1.78125 
0.328125 -1.78125 
0.328125 -1.6875 
0.28125 -1.6875 

0.328125 -1.78125 
0.375 -1.78125 
0.375 -1.734375 
0.328125 -1.734375 
0.328125 -1.78125 

0.28125 -1.828125 
0.28125 -1.875 
0.328125 -1.875 
0.328125 -1.828125 
0.28125 -1.828125 

0.234375 -1.828125 
0.28125 -1.828125 
0.28125 -1.78125 
0.234375 -1.78125 
0.234375 -1.828125 

0.1875 -1.78125 
0.1875 -1.828125 
0.234375 -1.828125 
0.234375 -1.78125 
0.1875 -1.78125 

0.234375 -1.875 
0.28125 -1.875 
0.28125 -1.828125 
0.234375 -1.828125 
0.234375 -1.875 

0.140625 -1.921875 
0.1875 -1.921875 
0.1875 -1.875 
0.140625 -1.875 
0.140625 -1.921875 

0.1875 -2.25 
0.375 -2.25 
0.375 -2.0625 
0.1875 -2.0625 
0.1875 -2.25 

0.234375 -1.921875 
0.28125 -1.921875 
0.28125 -1.875 
0.234375 -1.875 
0.234375 -1.921875 

0.1875 -1.96875 
0.1875 -2.0625 
0.28125 -2.0625 
0.28125 -1.96875 
0.1875 -1.96875 

0.1875 -1.875 
0.1875 -1.921875 
0.234375 -1.921875 
0.234375 -1.875 
0.1875 -1.875 

0.234375 -1.96875 
0.28125 -1.96875 
0.28125 -1.921875 
0.234375 -1.921875 
0.234375 -1.96875 

0.28125 -2.0625 
0.375 -2.0625 
0.375 -1.96875 
0.28125 -1.96875 
0.28125 -2.0625 

0.28125 -1.875 
0.28125 -1.921875 
0.328125 -1.921875 
0.328125 -1.875 
0.28125 -1.875 

0.28125 -1.921875 
0.28125 -1.96875 
0.328125 -1.96875 
0.328125 -1.921875 
0.28125 -1.921875 

0.1875 -1.828125 
0.1875 -1.875 
0.234375 -1.875 
0.234375 -1.828125 
0.1875 -1.828125 

0.1875 -1.921875 
0.1875 -1.96875 
0.234375 -1.96875 
0.234375 -1.921875 
0.1875 -1.921875 

0 -2.0625 
0 -2.25 
0.1875 -2.25 
0.1875 -2.0625 
0 -2.0625 

0.046875 -1.921875 
0.09375 -1.921875 
0.09375 -1.875 
0.046875 -1.875 
0.046875 -1.921875 

0.140625 -2.0625 
0.1875 -2.0625 
0.1875 -1.96875 
0.140625 -1.96875 
0.140625 -2.0625 

0.09375 -1.875 
0.09375 -1.921875 
0.140625 -1.921875 
0.140625 -1.875 
0.09375 -1.875 

0.140625 -1.96875 
0.1875 -1.96875 
0.1875 -1.921875 
0.140625 -1.921875 
0.140625 -1.96875 

0.09375 -1.921875 
0.09375 -1.96875 
0.140625 -1.96875 
0.140625 -1.921875 
0.09375 -1.921875 

0.09375 -1.96875 
0.09375 -2.015625 
0.140625 -2.015625 
0.140625 -1.96875 
0.09375 -1.96875 

0.09375 -2.015625 
0.09375 -2.0625 
0.140625 -2.0625 
0.140625 -2.015625 
0.09375 -2.015625 

0.046875 -2.015625 
0.09375 -2.015625 
0.09375 -1.96875 
0.046875 -1.96875 
0.046875 -2.015625 

0 -1.875 
0 -1.921875 
0.046875 -1.921875 
0.046875 -1.875 
0 -1.875 

0.046875 -1.96875 
0.09375 -1.96875 
0.09375 -1.921875 
0.046875 -1.921875 
0.046875 -1.96875 

0 -1.96875 
0 -2.015625 
0.046875 -2.015625 
0.046875 -1.96875 
0 -1.96875 

0.046875 -2.0625 
0.09375 -2.0625 
0.09375 -2.015625 
0.046875 -2.015625 
0.046875 -2.0625 

0 -1.921875 
0 -1.96875 
0.046875 -1.96875 
0.046875 -1.921875 
0 -1.921875 

0 -2.015625 
0 -2.0625 
0.046875 -2.0625 
0.046875 -2.015625 
0 -2.015625 

0.75 0 
1.5 0 
1.5 1.5 
0.75 1.5 
0.75 0 

0.375 0.75 
0.75 0.75 
0.75 1.5 
0.375 1.5 
0.375 0.75 

0.5625 0.375 
0.75 0.375 
0.75 0.75 
0.5625 0.75 
0.5625 0.375 

0 1.5 
0 1.125 
0.375 1.125 
0.375 1.5 
0 1.5 

0.1875 0.9375 
0.375 0.9375 
0.375 1.125 
0.1875 1.125 
0.1875 0.9375 

0.09375 0.9375 
0.1875 0.9375 
0.1875 1.125 
0.09375 1.125 
0.09375 0.9375 

0.140625 0.890625 
0.1875 0.890625 
0.1875 0.9375 
0.140625 0.9375 
0.140625 0.890625 

0 1.125 
0 1.03125 
0.09375 1.03125 
0.09375 1.125 
0 1.125 

0.046875 0.984375 
0.09375 0.984375 
0.09375 1.03125 
0.046875 1.03125 
0.046875 0.984375 

0 1.03125 
0 0.984375 
0.046875 0.984375 
0.046875 1.03125 
0 1.03125 

0 0.984375 
0 0.9375 
0.046875 0.9375 
0.046875 0.984375 
0 0.984375 

0.046875 0.9375 
0.09375 0.9375 
0.09375 0.984375 
0.046875 0.984375 
0.046875 0.9375 

0.046875 0.890625 
0.09375 0.890625 
0.09375 0.9375 
0.046875 0.9375 
0.046875 0.890625 

0 0.84375 
0 0.75 
0.09375 0.75 
0.09375 0.84375 
0 0.84375 

0 0.9375 
0 0.84375 
0.046875 0.84375 
0.046875 0.9375 
0 0.9375 

0.046875 0.84375 
0.09375 0.84375 
0.09375 0.890625 
0.046875 0.890625 
0.046875 0.84375 

0.140625 0.796875 
0.1875 0.796875 
0.1875 0.84375 
0.140625 0.84375 
0.140625 0.796875 

0.09375 0.9375 
0.09375 0.890625 
0.140625 0.890625 
0.140625 0.9375 
0.09375 0.9375 

0.09375 0.890625 
0.09375 0.84375 
0.140625 0.84375 
0.140625 0.890625 
0.09375 0.890625 

0.09375 0.84375 
0.09375 0.796875 
0.140625 0.796875 
0.140625 0.84375 
0.09375 0.84375 

0.09375 0.796875 
0.09375 0.75 
0.140625 0.75 
0.140625 0.796875 
0.09375 0.796875 

0.140625 0.75 
0.1875 0.75 
0.1875 0.796875 
0.140625 0.796875 
0.140625 0.75 

0.140625 0.84375 
0.1875 0.84375 
0.1875 0.890625 
0.140625 0.890625 
0.140625 0.84375 

0.28125 0.75 
0.375 0.75 
0.375 0.9375 
0.28125 0.9375 
0.28125 0.75 

0.1875 0.9375 
0.1875 0.84375 
0.28125 0.84375 
0.28125 0.9375 
0.1875 0.9375 

0.234375 0.796875 
0.28125 0.796875 
0.28125 0.84375 
0.234375 0.84375 
0.234375 0.796875 

0.1875 0.84375 
0.1875 0.796875 
0.234375 0.796875 
0.234375 0.84375 
0.1875 0.84375 

0.1875 0.796875 
0.1875 0.75 
0.234375 0.75 
0.234375 0.796875 
0.1875 0.796875 

0.328125 0.65625 
0.375 0.65625 
0.375 0.75 
0.328125 0.75 
0.328125 0.65625 

0.1875 0 
0.375 0 
0.375 0.375 
0.1875 0.375 
0.1875 0 

0 0.75 
0 0.5625 
0.1875 0.5625 
0.1875 0.75 
0 0.75 

0.328125 0.515625 
0.375 0.515625 
0.375 0.5625 
0.328125 0.5625 
0.328125 0.515625 

0.234375 0.703125 
0.28125 0.703125 
0.28125 0.75 
0.234375 0.75 
0.234375 0.703125 

0.234375 0.609375 
0.28125 0.609375 
0.28125 0.65625 
0.234375 0.65625 
0.234375 0.609375 

0.1875 0.75 
0.1875 0.703125 
0.234375 0.703125 
0.234375 0.75 
0.1875 0.75 

0.1875 0.703125 
0.1875 0.65625 
0.234375 0.65625 
0.234375 0.703125 
0.1875 0.703125 

0.234375 0.75 
0.28125 0.75 
0.28125 0.796875 
0.234375 0.796875 
0.234375 0.75 

0.234375 0.65625 
0.28125 0.65625 
0.28125 0.703125 
0.234375 0.703125 
0.234375 0.65625 

0.328125 0.609375 
0.375 0.609375 
0.375 0.65625 
0.328125 0.65625 
0.328125 0.609375 

0.28125 0.75 
0.28125 0.703125 
0.328125 0.703125 
0.328125 0.75 
0.28125 0.75 

0.28125 0.703125 
0.28125 0.65625 
0.328125 0.65625 
0.328125 0.703125 
0.28125 0.703125 

0.1875 0.65625 
0.1875 0.5625 
0.234375 0.5625 
0.234375 0.65625 
0.1875 0.65625 

0.234375 0.5625 
0.28125 0.5625 
0.28125 0.609375 
0.234375 0.609375 
0.234375 0.5625 

0.28125 0.65625 
0.28125 0.609375 
0.328125 0.609375 
0.328125 0.65625 
0.28125 0.65625 

0.28125 0.609375 
0.28125 0.5625 
0.328125 0.5625 
0.328125 0.609375 
0.28125 0.609375 

0.328125 0.5625 
0.375 0.5625 
0.375 0.609375 
0.328125 0.609375 
0.328125 0.5625 

0.1875 0.5625 
0.1875 0.375 
0.28125 0.375 
0.28125 0.5625 
0.1875 0.5625 

0.328125 0.421875 
0.375 0.421875 
0.375 0.46875 
0.328125 0.46875 
0.328125 0.421875 

0.28125 0.5625 
0.28125 0.515625 
0.328125 0.515625 
0.328125 0.5625 
0.28125 0.5625 

0.28125 0.515625 
0.28125 0.46875 
0.328125 0.46875 
0.328125 0.515625 
0.28125 0.515625 

0.328125 0.46875 
0.375 0.46875 
0.375 0.515625 
0.328125 0.515625 
0.328125 0.46875 

0.5625 0 
0.75 0 
0.75 0.375 
0.5625 0.375 
0.5625 0 

0.375 0.75 
0.375 0.5625 
0.5625 0.5625 
0.5625 0.75 
0.375 0.75 

0.46875 0.375 
0.5625 0.375 
0.5625 0.5625 
0.46875 0.5625 
0.46875 0.375 

0.421875 0.46875 
0.46875 0.46875 
0.46875 0.5625 
0.421875 0.5625 
0.421875 0.46875 

0.421875 0.421875 
0.46875 0.421875 
0.46875 0.46875 
0.421875 0.46875 
0.421875 0.421875 

0.375 0.5625 
0.375 0.515625 
0.421875 0.515625 
0.421875 0.5625 
0.375 0.5625 

0.375 0.515625 
0.375 0.46875 
0.421875 0.46875 
0.421875 0.515625 
0.375 0.515625 

0.28125 0.46875 
0.28125 0.375 
0.328125 0.375 
0.328125 0.46875 
0.28125 0.46875 

0.328125 0.375 
0.375 0.375 
0.375 0.421875 
0.328125 0.421875 
0.328125 0.375 

0.375 0.46875 
0.375 0.421875 
0.421875 0.421875 
0.421875 0.46875 
0.375 0.46875 

0.375 0.421875 
0.375 0.375 
0.421875 0.375 
0.421875 0.421875 
0.375 0.421875 

0.421875 0.375 
0.46875 0.375 
0.46875 0.421875 
0.421875 0.421875 
0.421875 0.375 

0.515625 0.28125 
0.5625 0.28125 
0.5625 0.375 
0.515625 0.375 
0.515625 0.28125 

0.515625 0.140625 
0.5625 0.140625 
0.5625 0.1875 
0.515625 0.1875 
0.515625 0.140625 

0.421875 0.328125 
0.46875 0.328125 
0.46875 0.375 
0.421875 0.375 
0.421875 0.328125 

0.421875 0.234375 
0.46875 0.234375 
0.46875 0.28125 
0.421875 0.28125 
0.421875 0.234375 

0.375 0.375 
0.375 0.328125 
0.421875 0.328125 
0.421875 0.375 
0.375 0.375 

0.375 0.328125 
0.375 0.28125 
0.421875 0.28125 
0.421875 0.328125 
0.375 0.328125 

0.421875 0.28125 
0.46875 0.28125 
0.46875 0.328125 
0.421875 0.328125 
0.421875 0.28125 

0.515625 0.1875 
0.5625 0.1875 
0.5625 0.28125 
0.515625 0.28125 
0.515625 0.1875 

0.46875 0.375 
0.46875 0.328125 
0.515625 0.328125 
0.515625 0.375 
0.46875 0.375 

0.46875 0.328125 
0.46875 0.28125 
0.515625 0.28125 
0.515625 0.328125 
0.46875 0.328125 

0.375 0.28125 
0.375 0.1875 
0.421875 0.1875 
0.421875 0.28125 
0.375 0.28125 

0.421875 0.1875 
0.46875 0.1875 
0.46875 0.234375 
0.421875 0.234375 
0.421875 0.1875 

0.46875 0.28125 
0.46875 0.234375 
0.515625 0.234375 
0.515625 0.28125 
0.46875 0.28125 

0.46875 0.234375 
0.46875 0.1875 
0.515625 0.1875 
0.515625 0.234375 
0.46875 0.234375 

0.421875 0.140625 
0.46875 0.140625 
0.46875 0.1875 
0.421875 0.1875 
0.421875 0.140625 

0.421875 0.046875 
0.46875 0.046875 
0.46875 0.09375 
0.421875 0.09375 
0.421875 0.046875 

0.375 0.1875 
0.375 0.09375 
0.421875 0.09375 
0.421875 0.1875 
0.375 0.1875 

0.421875 0.09375 
0.46875 0.09375 
0.46875 0.140625 
0.421875 0.140625 
0.421875 0.09375 

0.515625 0.046875 
0.5625 0.046875 
0.5625 0.09375 
0.515625 0.09375 
0.515625 0.046875 

0.46875 0.1875 
0.46875 0.140625 
0.515625 0.140625 
0.515625 0.1875 
0.46875 0.1875 

0.46875 0.140625 
0.46875 0.09375 
0.515625 0.09375 
0.515625 0.140625 
0.46875 0.140625 

0.375 0.09375 
0.375 0 
0.421875 0 
0.421875 0.09375 
0.375 0.09375 

0.421875 0 
0.46875 0 
0.46875 0.046875 
0.421875 0.046875 
0.421875 0 

0.46875 0.09375 
0.46875 0.046875 
0.515625 0.046875 
0.515625 0.09375 
0.46875 0.09375 

0.46875 0.046875 
0.46875 0 
0.515625 0 
0.515625 0.046875 
0.46875 0.046875 

0.375 -1.5 
0.75 -1.5 
0.75 -0.75 
0.375 -0.75 
0.375 -1.5 

0.1875 -0.375 
0.375 -0.375 
0.375 0 
0.1875 0 
0.1875 -0.375 

0.5625 -0.75 
0.75 -0.75 
0.75 -0.375 
0.5625 -0.375 
0.5625 -0.75 

0.515625 -0.046875 
0.5625 -0.046875 
0.5625 0 
0.515625 0 
0.515625 -0.046875 

0.515625 -0.234375 
0.5625 -0.234375 
0.5625 -0.1875 
0.515625 -0.1875 
0.515625 -0.234375 

0.421875 -0.046875 
0.46875 -0.046875 
0.46875 0 
0.421875 0 
0.421875 -0.046875 

0.421875 -0.140625 
0.46875 -0.140625 
0.46875 -0.09375 
0.421875 -0.09375 
0.421875 -0.140625 

0.375 0 
0.375 -0.09375 
0.421875 -0.09375 
0.421875 0 
0.375 0 

0.421875 -0.09375 
0.46875 -0.09375 
0.46875 -0.046875 
0.421875 -0.046875 
0.421875 -0.09375 

0.515625 -0.140625 
0.5625 -0.140625 
0.5625 -0.09375 
0.515625 -0.09375 
0.515625 -0.140625 

0.46875 0 
0.46875 -0.046875 
0.515625 -0.046875 
0.515625 0 
0.46875 0 

0.46875 -0.046875 
0.46875 -0.09375 
0.515625 -0.09375 
0.515625 -0.046875 
0.46875 -0.046875 

0.515625 0.09375 
0.5625 0.09375 
0.5625 0.140625 
0.515625 0.140625 
0.515625 0.09375 

0.515625 0 
0.5625 0 
0.5625 0.046875 
0.515625 0.046875 
0.515625 0 

0.515625 -0.09375 
0.5625 -0.09375 
0.5625 -0.046875 
0.515625 -0.046875 
0.515625 -0.09375 

0.46875 -0.09375 
0.46875 -0.140625 
0.515625 -0.140625 
0.515625 -0.09375 
0.46875 -0.09375 

0.46875 -0.140625 
0.46875 -0.1875 
0.515625 -0.1875 
0.515625 -0.140625 
0.46875 -0.140625 

0.515625 -0.1875 
0.5625 -0.1875 
0.5625 -0.140625 
0.515625 -0.140625 
0.515625 -0.1875 

0.375 -0.09375 
0.375 -0.1875 
0.421875 -0.1875 
0.421875 -0.09375 
0.375 -0.09375 

0.421875 -0.1875 
0.46875 -0.1875 
0.46875 -0.140625 
0.421875 -0.140625 
0.421875 -0.1875 

0.421875 -0.234375 
0.46875 -0.234375 
0.46875 -0.1875 
0.421875 -0.1875 
0.421875 -0.234375 

0.515625 -0.375 
0.5625 -0.375 
0.5625 -0.28125 
0.515625 -0.28125 
0.515625 -0.375 

0.46875 -0.1875 
0.46875 -0.234375 
0.515625 -0.234375 
0.515625 -0.1875 
0.46875 -0.1875 

0.46875 -0.234375 
0.46875 -0.28125 
0.515625 -0.28125 
0.515625 -0.234375 
0.46875 -0.234375 

0.515625 -0.28125 
0.5625 -0.28125 
0.5625 -0.234375 
0.515625 -0.234375 
0.515625 -0.28125 

0.421875 -0.328125 
0.46875 -0.328125 
0.46875 -0.28125 
0.421875 -0.28125 
0.421875 -0.328125 

0.375 -0.1875 
0.375 -0.234375 
0.421875 -0.234375 
0.421875 -0.1875 
0.375 -0.1875 

0.421875 -0.28125 
0.46875 -0.28125 
0.46875 -0.234375 
0.421875 -0.234375 
0.421875 -0.28125 

0.46875 -0.28125 
0.46875 -0.328125 
0.515625 -0.328125 
0.515625 -0.28125 
0.46875 -0.28125 

0.46875 -0.328125 
0.46875 -0.375 
0.515625 -0.375 
0.515625 -0.328125 
0.46875 -0.328125 

0.375 -0.28125 
0.375 -0.328125 
0.421875 -0.328125 
0.421875 -0.28125 
0.375 -0.28125 

0.421875 -0.375 
0.46875 -0.375 
0.46875 -0.328125 
0.421875 -0.328125 
0.421875 -0.375 

0.515625 -0.46875 
0.5625 -0.46875 
0.5625 -0.375 
0.515625 -0.375 
0.515625 -0.46875 

0.46875 -0.75 
0.5625 -0.75 
0.5625 -0.5625 
0.46875 -0.5625 
0.46875 -0.75 

0.421875 -0.421875 
0.46875 -0.421875 
0.46875 -0.375 
0.421875 -0.375 
0.421875 -0.421875 

0.421875 -0.515625 
0.46875 -0.515625 
0.46875 -0.46875 
0.421875 -0.46875 
0.421875 -0.515625 

0.375 -0.375 
0.375 -0.421875 
0.421875 -0.421875 
0.421875 -0.375 
0.375 -0.375 

0.421875 -0.46875 
0.46875 -0.46875 
0.46875 -0.421875 
0.421875 -0.421875 
0.421875 -0.46875 

0.46875 -0.5625 
0.5625 -0.5625 
0.5625 -0.46875 
0.46875 -0.46875 
0.46875 -0.5625 

0.46875 -0.375 
0.46875 -0.421875 
0.515625 -0.421875 
0.515625 -0.375 
0.46875 -0.375 

0.46875 -0.421875 
0.46875 -0.46875 
0.515625 -0.46875 
0.515625 -0.421875 
0.46875 -0.421875 

0.375 -0.234375 
0.375 -0.28125 
0.421875 -0.28125 
0.421875 -0.234375 
0.375 -0.234375 

0.375 -0.328125 
0.375 -0.375 
0.421875 -0.375 
0.421875 -0.328125 
0.375 -0.328125 

0.375 -0.421875 
0.375 -0.46875 
0.421875 -0.46875 
0.421875 -0.421875 
0.375 -0.421875 

0.375 -0.46875 
0.375 -0.515625 
0.421875 -0.515625 
0.421875 -0.46875 
0.375 -0.46875 

0.375 -0.515625 
0.375 -0.5625 
0.421875 -0.5625 
0.421875 -0.515625 
0.375 -0.515625 

0.421875 -0.5625 
0.46875 -0.5625 
0.46875 -0.515625 
0.421875 -0.515625 
0.421875 -0.5625 

0.328125 -0.421875 
0.375 -0.421875 
0.375 -0.375 
0.328125 -0.375 
0.328125 -0.421875 

0.09375 -0.5625 
0.1875 -0.5625 
0.1875 -0.375 
0.09375 -0.375 
0.09375 -0.5625 

0.328125 -0.609375 
0.375 -0.609375 
0.375 -0.5625 
0.328125 -0.5625 
0.328125 -0.609375 

0.1875 -0.375 
0.1875 -0.5625 
0.28125 -0.5625 
0.28125 -0.375 
0.1875 -0.375 

0.328125 -0.515625 
0.375 -0.515625 
0.375 -0.46875 
0.328125 -0.46875 
0.328125 -0.515625 

0.28125 -0.375 
0.28125 -0.46875 
0.328125 -0.46875 
0.328125 -0.375 
0.28125 -0.375 

0.328125 -0.46875 
0.375 -0.46875 
0.375 -0.421875 
0.328125 -0.421875 
0.328125 -0.46875 

0.28125 -0.46875 
0.28125 -0.515625 
0.328125 -0.515625 
0.328125 -0.46875 
0.28125 -0.46875 

0.328125 -0.5625 
0.375 -0.5625 
0.375 -0.515625 
0.328125 -0.515625 
0.328125 -0.5625 

0.421875 -0.65625 
0.46875 -0.65625 
0.46875 -0.5625 
0.421875 -0.5625 
0.421875 -0.65625 

0.375 -0.65625 
0.375 -0.75 
0.46875 -0.75 
0.46875 -0.65625 
0.375 -0.65625 

0.375 -0.5625 
0.375 -0.609375 
0.421875 -0.609375 
0.421875 -0.5625 
0.375 -0.5625 

0.375 -0.609375 
0.375 -0.65625 
0.421875 -0.65625 
0.421875 -0.609375 
0.375 -0.609375 

0.234375 -0.609375 
0.28125 -0.609375 
0.28125 -0.5625 
0.234375 -0.5625 
0.234375 -0.609375 

0.328125 -0.703125 
0.375 -0.703125 
0.375 -0.65625 
0.328125 -0.65625 
0.328125 -0.703125 

0.28125 -0.5625 
0.28125 -0.609375 
0.328125 -0.609375 
0.328125 -0.5625 
0.28125 -0.5625 

0.328125 -0.65625 
0.375 -0.65625 
0.375 -0.609375 
0.328125 -0.609375 
0.328125 -0.65625 

0.28125 -0.515625 
0.28125 -0.5625 
0.328125 -0.5625 
0.328125 -0.515625 
0.28125 -0.515625 

0.28125 -0.609375 
0.28125 -0.65625 
0.328125 -0.65625 
0.328125 -0.609375 
0.28125 -0.609375 

0.28125 -0.65625 
0.28125 -0.703125 
0.328125 -0.703125 
0.328125 -0.65625 
0.28125 -0.65625 

0.28125 -0.703125 
0.28125 -0.75 
0.328125 -0.75 
0.328125 -0.703125 
0.28125 -0.703125 

0.328125 -0.75 
0.375 -0.75 
0.375 -0.703125 
0.328125 -0.703125 
0.328125 -0.75 

0.234375 -0.703125 
0.28125 -0.703125 
0.28125 -0.65625 
0.234375 -0.65625 
0.234375 -0.703125 

0.1875 -0.5625 
0.1875 -0.65625 
0.234375 -0.65625 
0.234375 -0.5625 
0.1875 -0.5625 

0.234375 -0.65625 
0.28125 -0.65625 
0.28125 -0.609375 
0.234375 -0.609375 
0.234375 -0.65625 

0.1875 -0.65625 
0.1875 -0.703125 
0.234375 -0.703125 
0.234375 -0.65625 
0.1875 -0.65625 

0.234375 -0.75 
0.28125 -0.75 
0.28125 -0.703125 
0.234375 -0.703125 
0.234375 -0.75 

0.1875 -0.703125 
0.1875 -0.75 
0.234375 -0.75 
0.234375 -0.703125 
0.1875 -0.703125 

0.28125 -0.9375 
0.375 -0.9375 
0.375 -0.75 
0.28125 -0.75 
0.28125 -0.9375 

0 -1.125 
0 -1.5 
0.375 -1.5 
0.375 -1.125 
0 -1.125 

0.140625 -0.796875 
0.1875 -0.796875 
0.1875 -0.75 
0.140625 -0.75 
0.140625 -0.796875 

0.1875 -1.125 
0.375 -1.125 
0.375 -0.9375 
0.1875 -0.9375 
0.1875 -1.125 

0.234375 -0.796875 
0.28125 -0.796875 
0.28125 -0.75 
0.234375 -0.75 
0.234375 -0.796875 

0.234375 -0.9375 
0.28125 -0.9375 
0.28125 -0.84375 
0.234375 -0.84375 
0.234375 -0.9375 

0.1875 -0.75 
0.1875 -0.796875 
0.234375 -0.796875 
0.234375 -0.75 
0.1875 -0.75 

0.234375 -0.84375 
0.28125 -0.84375 
0.28125 -0.796875 
0.234375 -0.796875 
0.234375 -0.84375 

0.1875 -0.796875 
0.1875 -0.84375 
0.234375 -0.84375 
0.234375 -0.796875 
0.1875 -0.796875 

0.09375 -0.65625 
0.1875 -0.65625 
0.1875 -0.5625 
0.09375 -0.5625 
0.09375 -0.65625 

0.046875 -0.65625 
0.09375 -0.65625 
0.09375 -0.5625 
0.046875 -0.5625 
0.046875 -0.65625 

0.140625 -0.703125 
0.1875 -0.703125 
0.1875 -0.65625 
0.140625 -0.65625 
0.140625 -0.703125 

0.09375 -0.65625 
0.09375 -0.75 
0.140625 -0.75 
0.140625 -0.65625 
0.09375 -0.65625 

0.140625 -0.75 
0.1875 -0.75 
0.1875 -0.703125 
0.140625 -0.703125 
0.140625 -0.75 

0.140625 -1.03125 
0.1875 -1.03125 
0.1875 -0.9375 
0.140625 -0.9375 
0.140625 -1.03125 

0.046875 -0.796875 
0.09375 -0.796875 
0.09375 -0.75 
0.046875 -0.75 
0.046875 -0.796875 

0.140625 -0.890625 
0.1875 -0.890625 
0.1875 -0.84375 
0.140625 -0.84375 
0.140625 -0.890625 

0.09375 -0.75 
0.09375 -0.796875 
0.140625 -0.796875 
0.140625 -0.75 
0.09375 -0.75 

0.140625 -0.84375 
0.1875 -0.84375 
0.1875 -0.796875 
0.140625 -0.796875 
0.140625 -0.84375 

0.1875 -0.84375 
0.1875 -0.890625 
0.234375 -0.890625 
0.234375 -0.84375 
0.1875 -0.84375 

0.1875 -0.890625 
0.1875 -0.9375 
0.234375 -0.9375 
0.234375 -0.890625 
0.1875 -0.890625 

0.09375 -0.84375 
0.09375 -0.890625 
0.140625 -0.890625 
0.140625 -0.84375 
0.09375 -0.84375 

0.140625 -0.9375 
0.1875 -0.9375 
0.1875 -0.890625 
0.140625 -0.890625 
0.140625 -0.9375 

0.09375 -0.796875 
0.09375 -0.84375 
0.140625 -0.84375 
0.140625 -0.796875 
0.09375 -0.796875 

0.09375 -0.890625 
0.09375 -0.9375 
0.140625 -0.9375 
0.140625 -0.890625 
0.09375 -0.890625 

0.046875 -0.890625 
0.09375 -0.890625 
0.09375 -0.84375 
0.046875 -0.84375 
0.046875 -0.890625 

0 -0.84375 
0 -0.890625 
0.046875 -0.890625 
0.046875 -0.84375 
0 -0.84375 

0.046875 -0.9375 
0.09375 -0.9375 
0.09375 -0.890625 
0.046875 -0.890625 
0.046875 -0.9375 

0 -0.75 
0 -0.84375 
0.046875 -0.84375 
0.046875 -0.75 
0 -0.75 

0.046875 -0.84375 
0.09375 -0.84375 
0.09375 -0.796875 
0.046875 -0.796875 
0.046875 -0.84375 

0.046875 -0.984375 
0.09375 -0.984375 
0.09375 -0.9375 
0.046875 -0.9375 
0.046875 -0.984375 

0.09375 -1.125 
0.1875 -1.125 
0.1875 -1.03125 
0.09375 -1.03125 
0.09375 -1.125 

0.09375 -0.9375 
0.09375 -0.984375 
0.140625 -0.984375 
0.140625 -0.9375 
0.09375 -0.9375 

0.09375 -0.984375 
0.09375 -1.03125 
0.140625 -1.03125 
0.140625 -0.984375 
0.09375 -0.984375 

0.046875 -1.125 
0.09375 -1.125 
0.09375 -1.03125 
0.046875 -1.03125 
0.046875 -1.125 

0 -0.9375 
0 -0.984375 
0.046875 -0.984375 
0.046875 -0.9375 
0 -0.9375 

0.046875 -1.03125 
0.09375 -1.03125 
0.09375 -0.984375 
0.046875 -0.984375 
0.046875 -1.03125 

0 -0.890625 
0 -0.9375 
0.046875 -0.9375 
0.046875 -0.890625 
0 -0.890625 

0 -0.984375 
0 -1.03125 
0.046875 -1.03125 
0.046875 -0.984375 
0 -0.984375 

0.09375 0.375 
0.1875 0.375 
0.1875 0.5625 
0.09375 0.5625 
0.09375 0.375 

0.046875 0.46875 
0.09375 0.46875 
0.09375 0.5625 
0.046875 0.5625 
0.046875 0.46875 

0.046875 0.421875 
0.09375 0.421875 
0.09375 0.46875 
0.046875 0.46875 
0.046875 0.421875 

0 0.5625 
0 0.515625 
0.046875 0.515625 
0.046875 0.5625 
0 0.5625 

0 0.515625 
0 0.46875 
0.046875 0.46875 
0.046875 0.515625 
0 0.515625 

0 -1.03125 
0 -1.078125 
0.046875 -1.078125 
0.046875 -1.03125 
0 -1.03125 

0 -1.078125 
0 -1.125 
0.046875 -1.125 
0.046875 -1.078125 
0 -1.078125 

0 0.46875 
0 0.421875 
0.046875 0.421875 
0.046875 0.46875 
0 0.46875 

0 0.421875 
0 0.375 
0.046875 0.375 
0.046875 0.421875 
0 0.421875 

0.046875 0.375 
0.09375 0.375 
0.09375 0.421875 
0.046875 0.421875 
0.046875 0.375 

0.140625 0.28125 
0.1875 0.28125 
0.1875 0.375 
0.140625 0.375 
0.140625 0.28125 

0.140625 0.140625 
0.1875 0.140625 
0.1875 0.1875 
0.140625 0.1875 
0.140625 0.140625 

0.046875 0.328125 
0.09375 0.328125 
0.09375 0.375 
0.046875 0.375 
0.046875 0.328125 

0.046875 0.234375 
0.09375 0.234375 
0.09375 0.28125 
0.046875 0.28125 
0.046875 0.234375 

0 0.375 
0 0.328125 
0.046875 0.328125 
0.046875 0.375 
0 0.375 

0 0.328125 
0 0.28125 
0.046875 0.28125 
0.046875 0.328125 
0 0.328125 

0.046875 0.28125 
0.09375 0.28125 
0.09375 0.328125 
0.046875 0.328125 
0.046875 0.28125 

0 0.28125 
0 0.234375 
0.046875 0.234375 
0.046875 0.28125 
0 0.28125 

0.046875 0.1875 
0.09375 0.1875 
0.09375 0.234375 
0.046875 0.234375 
0.046875 0.1875 

0.140625 0.1875 
0.1875 0.1875 
0.1875 0.28125 
0.140625 0.28125 
0.140625 0.1875 

0.09375 0.28125 
0.09375 0.234375 
0.140625 0.234375 
0.140625 0.28125 
0.09375 0.28125 

0.09375 0.234375 
0.09375 0.1875 
0.140625 0.1875 
0.140625 0.234375 
0.09375 0.234375 

0.09375 0.375 
0.09375 0.328125 
0.140625 0.328125 
0.140625 0.375 
0.09375 0.375 

0.09375 0.328125 
0.09375 0.28125 
0.140625 0.28125 
0.140625 0.328125 
0.09375 0.328125 

0.046875 0.140625 
0.09375 0.140625 
0.09375 0.1875 
0.046875 0.1875 
0.046875 0.140625 

0.046875 0.046875 
0.09375 0.046875 
0.09375 0.09375 
0.046875 0.09375 
0.046875 0.046875 

0 0.1875 
0 0.140625 
0.046875 0.140625 
0.046875 0.1875 
0 0.1875 

0.046875 0.09375 
0.09375 0.09375 
0.09375 0.140625 
0.046875 0.140625 
0.046875 0.09375 

0.140625 0.046875 
0.1875 0.046875 
0.1875 0.09375 
0.140625 0.09375 
0.140625 0.046875 

0.09375 0.1875 
0.09375 0.140625 
0.140625 0.140625 
0.140625 0.1875 
0.09375 0.1875 

0.09375 0.140625 
0.09375 0.09375 
0.140625 0.09375 
0.140625 0.140625 
0.09375 0.140625 

0.09375 0.09375 
0.09375 0.046875 
0.140625 0.046875 
0.140625 0.09375 
0.09375 0.09375 

0.09375 0.046875 
0.09375 0 
0.140625 0 
0.140625 0.046875 
0.09375 0.046875 

0.140625 0 
0.1875 0 
0.1875 0.046875 
0.140625 0.046875 
0.140625 0 

0.140625 0.09375 
0.1875 0.09375 
0.1875 0.140625 
0.140625 0.140625 
0.140625 0.09375 

0.140625 -0.046875 
0.1875 -0.046875 
0.1875 0 
0.140625 0 
0.140625 -0.046875 

0.140625 -0.28125 
0.1875 -0.28125 
0.1875 -0.1875 
0.140625 -0.1875 
0.140625 -0.28125 

0.046875 -0.046875 
0.09375 -0.046875 
0.09375 0 
0.046875 0 
0.046875 -0.046875 

0.140625 -0.140625 
0.1875 -0.140625 
0.1875 -0.09375 
0.140625 -0.09375 
0.140625 -0.140625 

0.09375 0 
0.09375 -0.046875 
0.140625 -0.046875 
0.140625 0 
0.09375 0 

0.09375 -0.046875 
0.09375 -0.09375 
0.140625 -0.09375 
0.140625 -0.046875 
0.09375 -0.046875 

0.140625 -0.09375 
0.1875 -0.09375 
0.1875 -0.046875 
0.140625 -0.046875 
0.140625 -0.09375 

0.09375 -0.09375 
0.09375 -0.140625 
0.140625 -0.140625 
0.140625 -0.09375 
0.09375 -0.09375 

0.09375 -0.140625 
0.09375 -0.1875 
0.140625 -0.1875 
0.140625 -0.140625 
0.09375 -0.140625 

0.140625 -0.1875 
0.1875 -0.1875 
0.1875 -0.140625 
0.140625 -0.140625 
0.140625 -0.1875 

0.046875 -0.140625 
0.09375 -0.140625 
0.09375 -0.09375 
0.046875 -0.09375 
0.046875 -0.140625 

0 -0.09375 
0 -0.140625 
0.046875 -0.140625 
0.046875 -0.09375 
0 -0.09375 

0.046875 -0.1875 
0.09375 -0.1875 
0.09375 -0.140625 
0.046875 -0.140625 
0.046875 -0.1875 

0 0 
0 -0.046875 
0.046875 -0.046875 
0.046875 0 
0 0 

0.046875 -0.09375 
0.09375 -0.09375 
0.09375 -0.046875 
0.046875 -0.046875 
0.046875 -0.09375 

0.046875 -0.234375 
0.09375 -0.234375 
0.09375 -0.1875 
0.046875 -0.1875 
0.046875 -0.234375 

0.140625 -0.375 
0.1875 -0.375 
0.1875 -0.28125 
0.140625 -0.28125 
0.140625 -0.375 

0.09375 -0.1875 
0.09375 -0.234375 
0.140625 -0.234375 
0.140625 -0.1875 
0.09375 -0.1875 

0.09375 -0.234375 
0.09375 -0.28125 
0.140625 -0.28125 
0.140625 -0.234375 
0.09375 -0.234375 

0.046875 -0.328125 
0.09375 -0.328125 
0.09375 -0.28125 
0.046875 -0.28125 
0.046875 -0.328125 

0 -0.1875 
0 -0.234375 
0.046875 -0.234375 
0.046875 -0.1875 
0 -0.1875 

0.046875 -0.28125 
0.09375 -0.28125 
0.09375 -0.234375 
0.046875 -0.234375 
0.046875 -0.28125 

0.09375 -0.28125 
0.09375 -0.328125 
0.140625 -0.328125 
0.140625 -0.28125 
0.09375 -0.28125 

0.09375 -0.328125 
0.09375 -0.375 
0.140625 -0.375 
0.140625 -0.328125 
0.09375 -0.328125 

0 -0.28125 
0 -0.328125 
0.046875 -0.328125 
0.046875 -0.28125 
0 -0.28125 

0.046875 -0.375 
0.09375 -0.375 
0.09375 -0.328125 
0.046875 -0.328125 
0.046875 -0.375 

0 -0.328125 
0 -0.375 
0.046875 -0.375 
0.046875 -0.328125 
0 -0.328125 

0.046875 -0.421875 
0.09375 -0.421875 
0.09375 -0.375 
0.046875 -0.375 
0.046875 -0.421875 

0.046875 -0.515625 
0.09375 -0.515625 
0.09375 -0.46875 
0.046875 -0.46875 
0.046875 -0.515625 

0 -0.375 
0 -0.421875 
0.046875 -0.421875 
0.046875 -0.375 
0 -0.375 

0.046875 -0.46875 
0.09375 -0.46875 
0.09375 -0.421875 
0.046875 -0.421875 
0.046875 -0.46875 

0 -0.421875 
0 -0.46875 
0.046875 -0.46875 
0.046875 -0.421875 
0 -0.421875 

0 -0.46875 
0 -0.515625 
0.046875 -0.515625 
0.046875 -0.46875 
0 -0.46875 

0 -0.515625 
0 -0.5625 
0.046875 -0.5625 
0.046875 -0.515625 
0 -0.515625 

0.046875 -0.5625 
0.09375 -0.5625 
0.09375 -0.515625 
0.046875 -0.515625 
0.046875 -0.5625 

0 0.234375 
0 0.1875 
0.046875 0.1875 
0.046875 0.234375 
0 0.234375 

0 0.140625 
0 0.09375 
0.046875 0.09375 
0.046875 0.140625 
0 0.140625 

0 -0.65625 
0 -0.75 
0.09375 -0.75 
0.09375 -0.65625 
0 -0.65625 

0 -0.5625 
0 -0.609375 
0.046875 -0.609375 
0.046875 -0.5625 
0 -0.5625 

0 -0.609375 
0 -0.65625 
0.046875 -0.65625 
0.046875 -0.609375 
0 -0.609375 

0 0.09375 
0 0.046875 
0.046875 0.046875 
0.046875 0.09375 
0 0.09375 

0 0.046875 
0 0 
0.046875 0 
0.046875 0.046875 
0 0.046875 

0 -0.046875 
0 -0.09375 
0.046875 -0.09375 
0.046875 -0.046875 
0 -0.046875 

0.046875 0 
0.09375 0 
0.09375 0.046875 
0.046875 0.046875 
0.046875 0 

0 -0.140625 
0 -0.1875 
0.046875 -0.1875 
0.046875 -0.140625 
0 -0.140625 

0 -0.234375 
0 -0.28125 
0.046875 -0.28125 
0.046875 -0.234375 
0 -0.234375 

