2.79999999999999982236432 2.79999999999999982236432 
3 3 

2.79999999999999982236432 2.79999999999999982236432 
3 3 

1.19999999999999995559108 3 
1.19999999999999995559108 2.79999999999999982236432 
1.39999999999999991118216 3 
1.19999999999999995559108 3 

1.19999999999999995559108 2.79999999999999982236432 
1.39999999999999991118216 2.79999999999999982236432 
1.39999999999999991118216 3 
1.19999999999999995559108 2.79999999999999982236432 

1.19999999999999995559108 1.19999999999999995559108 
1.39999999999999991118216 1.39999999999999991118216 

0.399999999999999966693309 1.39999999999999991118216 

0.399999999999999966693309 0.399999999999999966693309 
0.59999999999999997779554 0.59999999999999997779554 

0 0 
0.199999999999999983346655 0.199999999999999983346655 

0 0 

0 0 

0 0 

1.19999999999999995559108 3 
1.19999999999999995559108 2.79999999999999982236432 
1.39999999999999991118216 3 
1.19999999999999995559108 3 

1.19999999999999995559108 2.79999999999999982236432 
1.39999999999999991118216 2.79999999999999982236432 
1.39999999999999991118216 3 
1.19999999999999995559108 2.79999999999999982236432 

1.19999999999999995559108 1.19999999999999995559108 
1.39999999999999991118216 1.39999999999999991118216 

0.399999999999999966693309 1.39999999999999991118216 

0.399999999999999966693309 0.399999999999999966693309 
0.59999999999999997779554 0.59999999999999997779554 

0 0 
0.199999999999999983346655 0.199999999999999983346655 

0 0 

0 0 

0 0 

0.199999999999999983346655 0.199999999999999983346655 

0.399999999999999966693309 0.399999999999999966693309 

0.199999999999999983346655 0.199999999999999983346655 
0.399999999999999966693309 0.399999999999999966693309 

0.199999999999999983346655 0.199999999999999983346655 

0.199999999999999983346655 0.199999999999999983346655 

0.399999999999999966693309 0.399999999999999966693309 

0.199999999999999983346655 0.199999999999999983346655 
0.399999999999999966693309 0.399999999999999966693309 

0.199999999999999983346655 0.199999999999999983346655 

0.399999999999999966693309 0.399999999999999966693309 

0.399999999999999966693309 0.399999999999999966693309 

0.59999999999999997779554 0.59999999999999997779554 

0.799999999999999933386619 0.799999999999999933386619 
1 1 

0.799999999999999933386619 0.799999999999999933386619 

0.59999999999999997779554 0.59999999999999997779554 
0.799999999999999933386619 0.799999999999999933386619 

0 1.19999999999999995559108 
0.199999999999999983346655 1.19999999999999995559108 
0.199999999999999983346655 1.39999999999999991118216 
0 1.19999999999999995559108 

0 1.39999999999999991118216 
0 1.19999999999999995559108 
0.199999999999999983346655 1.39999999999999991118216 
0 1.39999999999999991118216 

0.59999999999999997779554 0.59999999999999997779554 

0.59999999999999997779554 0.59999999999999997779554 

0.799999999999999933386619 0.799999999999999933386619 
1 1 

0.799999999999999933386619 0.799999999999999933386619 

0.59999999999999997779554 0.59999999999999997779554 
0.799999999999999933386619 0.799999999999999933386619 

0 1.39999999999999991118216 
0 1.19999999999999995559108 
0.199999999999999983346655 1.39999999999999991118216 
0 1.39999999999999991118216 

0 1.19999999999999995559108 
0.199999999999999983346655 1.19999999999999995559108 
0.199999999999999983346655 1.39999999999999991118216 
0 1.19999999999999995559108 

0.59999999999999997779554 0.59999999999999997779554 

0.799999999999999933386619 0.799999999999999933386619 

0.799999999999999933386619 0.799999999999999933386619 

1 1 

1.19999999999999995559108 1.19999999999999995559108 

1 1 
1.19999999999999995559108 1.19999999999999995559108 

1 1 

1 1 

1.19999999999999995559108 1.19999999999999995559108 

1 1 
1.19999999999999995559108 1.19999999999999995559108 

1 1 

0 1 

0 1 

0 1.19999999999999995559108 
0 1.39999999999999991118216 

0 1 
0 1.19999999999999995559108 

0 1.19999999999999995559108 
0 1 
0.199999999999999983346655 1.19999999999999995559108 
0 1.19999999999999995559108 

1.19999999999999995559108 1.19999999999999995559108 

1.19999999999999995559108 1.19999999999999995559108 

1.39999999999999991118216 1.39999999999999991118216 

2 3 

2 2 
2.19999999999999973354647 2.19999999999999973354647 

1.59999999999999986677324 1.59999999999999986677324 
1.79999999999999982236432 1.79999999999999982236432 

1.59999999999999986677324 1.59999999999999986677324 

1.39999999999999991118216 1.39999999999999991118216 
1.59999999999999986677324 1.59999999999999986677324 

0.399999999999999966693309 3 
0.399999999999999966693309 2.79999999999999982236432 
0.59999999999999997779554 3 
0.399999999999999966693309 3 

0.399999999999999966693309 2.79999999999999982236432 
0.59999999999999997779554 2.79999999999999982236432 
0.59999999999999997779554 3 
0.399999999999999966693309 2.79999999999999982236432 

1.19999999999999995559108 2.19999999999999973354647 

0.799999999999999933386619 2.19999999999999973354647 
0.799999999999999933386619 2 
1 2.19999999999999973354647 
0.799999999999999933386619 2.19999999999999973354647 

0.799999999999999933386619 2 
1 2 
1 2.19999999999999973354647 
0.799999999999999933386619 2 

1.39999999999999991118216 1.39999999999999991118216 

1.39999999999999991118216 1.39999999999999991118216 

2 3 

2 2 
2.19999999999999973354647 2.19999999999999973354647 

1.59999999999999986677324 1.59999999999999986677324 
1.79999999999999982236432 1.79999999999999982236432 

1.59999999999999986677324 1.59999999999999986677324 

1.39999999999999991118216 1.39999999999999991118216 
1.59999999999999986677324 1.59999999999999986677324 

0.399999999999999966693309 3 
0.399999999999999966693309 2.79999999999999982236432 
0.59999999999999997779554 3 
0.399999999999999966693309 3 

0.399999999999999966693309 2.79999999999999982236432 
0.59999999999999997779554 2.79999999999999982236432 
0.59999999999999997779554 3 
0.399999999999999966693309 2.79999999999999982236432 

0.399999999999999966693309 2.19999999999999973354647 
0.399999999999999966693309 2 
0.59999999999999997779554 2.19999999999999973354647 
0.399999999999999966693309 2.19999999999999973354647 

0.399999999999999966693309 2 
0.59999999999999997779554 2 
0.59999999999999997779554 2.19999999999999973354647 
0.399999999999999966693309 2 

0 2.19999999999999973354647 
0 2 
0.199999999999999983346655 2.19999999999999973354647 
0 2.19999999999999973354647 

0 2 
0.199999999999999983346655 2 
0.199999999999999983346655 2.19999999999999973354647 
0 2 

0 1.79999999999999982236432 
0 1.59999999999999986677324 
0.199999999999999983346655 1.79999999999999982236432 
0 1.79999999999999982236432 

0 1.59999999999999986677324 
0.199999999999999983346655 1.59999999999999986677324 
0.199999999999999983346655 1.79999999999999982236432 
0 1.59999999999999986677324 

0 1.59999999999999986677324 
0 1.79999999999999982236432 

0 1.39999999999999991118216 
0 1.59999999999999986677324 

0 1.59999999999999986677324 
0 1.39999999999999991118216 
0.199999999999999983346655 1.59999999999999986677324 
0 1.59999999999999986677324 

0 1.39999999999999991118216 
0.199999999999999983346655 1.39999999999999991118216 
0.199999999999999983346655 1.59999999999999986677324 
0 1.39999999999999991118216 

1.19999999999999995559108 2.19999999999999973354647 

0.799999999999999933386619 2.19999999999999973354647 
0.799999999999999933386619 2 
1 2.19999999999999973354647 
0.799999999999999933386619 2.19999999999999973354647 

0.799999999999999933386619 2 
1 2 
1 2.19999999999999973354647 
0.799999999999999933386619 2 

1.39999999999999991118216 1.39999999999999991118216 

1.59999999999999986677324 1.59999999999999986677324 

1.59999999999999986677324 1.59999999999999986677324 

1.79999999999999982236432 1.79999999999999982236432 

2 2 

1.79999999999999982236432 1.79999999999999982236432 
2 2 

1.79999999999999982236432 1.79999999999999982236432 

1.79999999999999982236432 1.79999999999999982236432 

2 2 

1.79999999999999982236432 1.79999999999999982236432 
2 2 

1.79999999999999982236432 1.79999999999999982236432 

0 2 
0 2.19999999999999973354647 

0 1.79999999999999982236432 
0 2 

0 2 
0 1.79999999999999982236432 
0.199999999999999983346655 2 
0 2 

0 1.79999999999999982236432 
0.199999999999999983346655 1.79999999999999982236432 
0.199999999999999983346655 2 
0 1.79999999999999982236432 

2 2 

2 2 

2.19999999999999973354647 2.19999999999999973354647 

2.39999999999999991118216 2.39999999999999991118216 
2.59999999999999964472863 2.59999999999999964472863 

2.39999999999999991118216 2.39999999999999991118216 

2.19999999999999973354647 2.19999999999999973354647 
2.39999999999999991118216 2.39999999999999991118216 

1.59999999999999986677324 3 
1.59999999999999986677324 2.79999999999999982236432 
1.79999999999999982236432 3 
1.59999999999999986677324 3 

1.59999999999999986677324 2.79999999999999982236432 
1.79999999999999982236432 2.79999999999999982236432 
1.79999999999999982236432 3 
1.59999999999999986677324 2.79999999999999982236432 

2.19999999999999973354647 2.19999999999999973354647 

2.19999999999999973354647 2.19999999999999973354647 

2.39999999999999991118216 2.39999999999999991118216 
2.59999999999999964472863 2.59999999999999964472863 

2.39999999999999991118216 2.39999999999999991118216 

2.19999999999999973354647 2.19999999999999973354647 
2.39999999999999991118216 2.39999999999999991118216 

1.59999999999999986677324 3 
1.59999999999999986677324 2.79999999999999982236432 
1.79999999999999982236432 3 
1.59999999999999986677324 3 

1.59999999999999986677324 2.79999999999999982236432 
1.79999999999999982236432 2.79999999999999982236432 
1.79999999999999982236432 3 
1.59999999999999986677324 2.79999999999999982236432 

2.19999999999999973354647 2.19999999999999973354647 

0 3 
0 2.79999999999999982236432 
0.199999999999999983346655 3 
0 3 

0 2.79999999999999982236432 
0.199999999999999983346655 2.79999999999999982236432 
0.199999999999999983346655 3 
0 2.79999999999999982236432 

0 2.59999999999999964472863 
0 2.39999999999999991118216 
0.199999999999999983346655 2.59999999999999964472863 
0 2.59999999999999964472863 

0 2.39999999999999991118216 
0.199999999999999983346655 2.39999999999999991118216 
0.199999999999999983346655 2.59999999999999964472863 
0 2.39999999999999991118216 

0 2.39999999999999991118216 
0 2.59999999999999964472863 

0 2.19999999999999973354647 
0 2.39999999999999991118216 

0 2.39999999999999991118216 
0 2.19999999999999973354647 
0.199999999999999983346655 2.39999999999999991118216 
0 2.39999999999999991118216 

0 2.19999999999999973354647 
0.199999999999999983346655 2.19999999999999973354647 
0.199999999999999983346655 2.39999999999999991118216 
0 2.19999999999999973354647 

2.39999999999999991118216 2.39999999999999991118216 

2.39999999999999991118216 2.39999999999999991118216 

2.59999999999999964472863 2.59999999999999964472863 

2.79999999999999982236432 2.79999999999999982236432 

2.59999999999999964472863 2.59999999999999964472863 
2.79999999999999982236432 2.79999999999999982236432 

2.59999999999999964472863 2.59999999999999964472863 

2.59999999999999964472863 2.59999999999999964472863 

2.79999999999999982236432 2.79999999999999982236432 

2.59999999999999964472863 2.59999999999999964472863 
2.79999999999999982236432 2.79999999999999982236432 

2.59999999999999964472863 2.59999999999999964472863 

0 2.79999999999999982236432 
0 3 

0 2.59999999999999964472863 
0 2.79999999999999982236432 

0 2.79999999999999982236432 
0 2.59999999999999964472863 
0.199999999999999983346655 2.79999999999999982236432 
0 2.79999999999999982236432 

0 2.59999999999999964472863 
0.199999999999999983346655 2.59999999999999964472863 
0.199999999999999983346655 2.79999999999999982236432 
0 2.59999999999999964472863 

2.79999999999999982236432 2.79999999999999982236432 

2.79999999999999982236432 2.79999999999999982236432 

0 1 

0 1 

0 1.19999999999999995559108 
0 1.39999999999999991118216 

0 1 
0 1.19999999999999995559108 

0 1.19999999999999995559108 
0 1 
0.199999999999999983346655 1.19999999999999995559108 
0 1.19999999999999995559108 

0.199999999999999983346655 1.39999999999999991118216 
0.199999999999999983346655 1.19999999999999995559108 
0.399999999999999966693309 1.39999999999999991118216 
0.199999999999999983346655 1.39999999999999991118216 

0.199999999999999983346655 1.19999999999999995559108 

0.199999999999999983346655 1.39999999999999991118216 
0.199999999999999983346655 1.19999999999999995559108 
0.399999999999999966693309 1.39999999999999991118216 
0.199999999999999983346655 1.39999999999999991118216 

0.199999999999999983346655 1.19999999999999995559108 

0.399999999999999966693309 2.19999999999999973354647 
0.399999999999999966693309 2 
0.59999999999999997779554 2.19999999999999973354647 
0.399999999999999966693309 2.19999999999999973354647 

0.399999999999999966693309 2 
0.59999999999999997779554 2 
0.59999999999999997779554 2.19999999999999973354647 
0.399999999999999966693309 2 

0 2 
0.199999999999999983346655 2 
0.199999999999999983346655 2.19999999999999973354647 
0 2 

0 2.19999999999999973354647 
0 2 
0.199999999999999983346655 2.19999999999999973354647 
0 2.19999999999999973354647 

0 1.59999999999999986677324 
0.199999999999999983346655 1.59999999999999986677324 
0.199999999999999983346655 1.79999999999999982236432 
0 1.59999999999999986677324 

0 1.79999999999999982236432 
0 1.59999999999999986677324 
0.199999999999999983346655 1.79999999999999982236432 
0 1.79999999999999982236432 

0 1.59999999999999986677324 
0 1.79999999999999982236432 

0 1.39999999999999991118216 
0 1.59999999999999986677324 

0 1.39999999999999991118216 
0.199999999999999983346655 1.39999999999999991118216 
0.199999999999999983346655 1.59999999999999986677324 
0 1.39999999999999991118216 

0 1.59999999999999986677324 
0 1.39999999999999991118216 
0.199999999999999983346655 1.59999999999999986677324 
0 1.59999999999999986677324 

0.399999999999999966693309 1.79999999999999982236432 
0.399999999999999966693309 1.59999999999999986677324 
0.59999999999999997779554 1.79999999999999982236432 
0.399999999999999966693309 1.79999999999999982236432 

0.399999999999999966693309 1.59999999999999986677324 
0.59999999999999997779554 1.59999999999999986677324 
0.59999999999999997779554 1.79999999999999982236432 
0.399999999999999966693309 1.59999999999999986677324 

0.199999999999999983346655 1.79999999999999982236432 
0.199999999999999983346655 1.59999999999999986677324 
0.399999999999999966693309 1.79999999999999982236432 
0.199999999999999983346655 1.79999999999999982236432 

0.199999999999999983346655 1.59999999999999986677324 
0.399999999999999966693309 1.59999999999999986677324 
0.399999999999999966693309 1.79999999999999982236432 
0.199999999999999983346655 1.59999999999999986677324 

0.199999999999999983346655 1.59999999999999986677324 
0.199999999999999983346655 1.39999999999999991118216 
0.399999999999999966693309 1.59999999999999986677324 
0.199999999999999983346655 1.59999999999999986677324 

0.199999999999999983346655 1.39999999999999991118216 
0.399999999999999966693309 1.39999999999999991118216 
0.399999999999999966693309 1.59999999999999986677324 
0.199999999999999983346655 1.39999999999999991118216 

0.399999999999999966693309 1.79999999999999982236432 
0.399999999999999966693309 1.59999999999999986677324 
0.59999999999999997779554 1.79999999999999982236432 
0.399999999999999966693309 1.79999999999999982236432 

0.399999999999999966693309 1.59999999999999986677324 
0.59999999999999997779554 1.59999999999999986677324 
0.59999999999999997779554 1.79999999999999982236432 
0.399999999999999966693309 1.59999999999999986677324 

0.199999999999999983346655 1.79999999999999982236432 
0.199999999999999983346655 1.59999999999999986677324 
0.399999999999999966693309 1.79999999999999982236432 
0.199999999999999983346655 1.79999999999999982236432 

0.199999999999999983346655 1.59999999999999986677324 
0.399999999999999966693309 1.59999999999999986677324 
0.399999999999999966693309 1.79999999999999982236432 
0.199999999999999983346655 1.59999999999999986677324 

0.199999999999999983346655 1.59999999999999986677324 
0.199999999999999983346655 1.39999999999999991118216 
0.399999999999999966693309 1.59999999999999986677324 
0.199999999999999983346655 1.59999999999999986677324 

0.199999999999999983346655 1.39999999999999991118216 
0.399999999999999966693309 1.39999999999999991118216 
0.399999999999999966693309 1.59999999999999986677324 
0.199999999999999983346655 1.39999999999999991118216 

0.199999999999999983346655 2.19999999999999973354647 
0.199999999999999983346655 2 
0.399999999999999966693309 2.19999999999999973354647 
0.199999999999999983346655 2.19999999999999973354647 

0.199999999999999983346655 2 
0.399999999999999966693309 2 
0.399999999999999966693309 2.19999999999999973354647 
0.199999999999999983346655 2 

0.199999999999999983346655 2 
0.199999999999999983346655 1.79999999999999982236432 
0.399999999999999966693309 2 
0.199999999999999983346655 2 

0.199999999999999983346655 1.79999999999999982236432 
0.399999999999999966693309 1.79999999999999982236432 
0.399999999999999966693309 2 
0.199999999999999983346655 1.79999999999999982236432 

0.199999999999999983346655 2.19999999999999973354647 
0.199999999999999983346655 2 
0.399999999999999966693309 2.19999999999999973354647 
0.199999999999999983346655 2.19999999999999973354647 

0.199999999999999983346655 2 
0.399999999999999966693309 2 
0.399999999999999966693309 2.19999999999999973354647 
0.199999999999999983346655 2 

0.199999999999999983346655 2 
0.199999999999999983346655 1.79999999999999982236432 
0.399999999999999966693309 2 
0.199999999999999983346655 2 

0.199999999999999983346655 1.79999999999999982236432 
0.399999999999999966693309 1.79999999999999982236432 
0.399999999999999966693309 2 
0.199999999999999983346655 1.79999999999999982236432 

0 2 
0 2.19999999999999973354647 

0 1.79999999999999982236432 
0 2 

0 1.79999999999999982236432 
0.199999999999999983346655 1.79999999999999982236432 
0.199999999999999983346655 2 
0 1.79999999999999982236432 

0 2 
0 1.79999999999999982236432 
0.199999999999999983346655 2 
0 2 

0 2.79999999999999982236432 
0.199999999999999983346655 2.79999999999999982236432 
0.199999999999999983346655 3 
0 2.79999999999999982236432 

0 3 
0 2.79999999999999982236432 
0.199999999999999983346655 3 
0 3 

0 2.39999999999999991118216 
0.199999999999999983346655 2.39999999999999991118216 
0.199999999999999983346655 2.59999999999999964472863 
0 2.39999999999999991118216 

0 2.59999999999999964472863 
0 2.39999999999999991118216 
0.199999999999999983346655 2.59999999999999964472863 
0 2.59999999999999964472863 

0 2.39999999999999991118216 
0 2.59999999999999964472863 

0 2.19999999999999973354647 
0 2.39999999999999991118216 

0 2.19999999999999973354647 
0.199999999999999983346655 2.19999999999999973354647 
0.199999999999999983346655 2.39999999999999991118216 
0 2.19999999999999973354647 

0 2.39999999999999991118216 
0 2.19999999999999973354647 
0.199999999999999983346655 2.39999999999999991118216 
0 2.39999999999999991118216 

0.399999999999999966693309 2.59999999999999964472863 
0.399999999999999966693309 2.39999999999999991118216 
0.59999999999999997779554 2.59999999999999964472863 
0.399999999999999966693309 2.59999999999999964472863 

0.399999999999999966693309 2.39999999999999991118216 
0.59999999999999997779554 2.39999999999999991118216 
0.59999999999999997779554 2.59999999999999964472863 
0.399999999999999966693309 2.39999999999999991118216 

0.199999999999999983346655 2.59999999999999964472863 
0.199999999999999983346655 2.39999999999999991118216 
0.399999999999999966693309 2.59999999999999964472863 
0.199999999999999983346655 2.59999999999999964472863 

0.199999999999999983346655 2.39999999999999991118216 
0.399999999999999966693309 2.39999999999999991118216 
0.399999999999999966693309 2.59999999999999964472863 
0.199999999999999983346655 2.39999999999999991118216 

0.199999999999999983346655 2.39999999999999991118216 
0.199999999999999983346655 2.19999999999999973354647 
0.399999999999999966693309 2.39999999999999991118216 
0.199999999999999983346655 2.39999999999999991118216 

0.199999999999999983346655 2.19999999999999973354647 
0.399999999999999966693309 2.19999999999999973354647 
0.399999999999999966693309 2.39999999999999991118216 
0.199999999999999983346655 2.19999999999999973354647 

0.399999999999999966693309 2.59999999999999964472863 
0.399999999999999966693309 2.39999999999999991118216 
0.59999999999999997779554 2.59999999999999964472863 
0.399999999999999966693309 2.59999999999999964472863 

0.399999999999999966693309 2.39999999999999991118216 
0.59999999999999997779554 2.39999999999999991118216 
0.59999999999999997779554 2.59999999999999964472863 
0.399999999999999966693309 2.39999999999999991118216 

0.199999999999999983346655 2.59999999999999964472863 
0.199999999999999983346655 2.39999999999999991118216 
0.399999999999999966693309 2.59999999999999964472863 
0.199999999999999983346655 2.59999999999999964472863 

0.199999999999999983346655 2.39999999999999991118216 
0.399999999999999966693309 2.39999999999999991118216 
0.399999999999999966693309 2.59999999999999964472863 
0.199999999999999983346655 2.39999999999999991118216 

0.199999999999999983346655 2.39999999999999991118216 
0.199999999999999983346655 2.19999999999999973354647 
0.399999999999999966693309 2.39999999999999991118216 
0.199999999999999983346655 2.39999999999999991118216 

0.199999999999999983346655 2.19999999999999973354647 
0.399999999999999966693309 2.19999999999999973354647 
0.399999999999999966693309 2.39999999999999991118216 
0.199999999999999983346655 2.19999999999999973354647 

0.199999999999999983346655 3 
0.199999999999999983346655 2.79999999999999982236432 
0.399999999999999966693309 3 
0.199999999999999983346655 3 

0.199999999999999983346655 2.79999999999999982236432 
0.399999999999999966693309 2.79999999999999982236432 
0.399999999999999966693309 3 
0.199999999999999983346655 2.79999999999999982236432 

0.199999999999999983346655 2.79999999999999982236432 
0.199999999999999983346655 2.59999999999999964472863 
0.399999999999999966693309 2.79999999999999982236432 
0.199999999999999983346655 2.79999999999999982236432 

0.199999999999999983346655 2.59999999999999964472863 
0.399999999999999966693309 2.59999999999999964472863 
0.399999999999999966693309 2.79999999999999982236432 
0.199999999999999983346655 2.59999999999999964472863 

0.199999999999999983346655 3 
0.199999999999999983346655 2.79999999999999982236432 
0.399999999999999966693309 3 
0.199999999999999983346655 3 

0.199999999999999983346655 2.79999999999999982236432 
0.399999999999999966693309 2.79999999999999982236432 
0.399999999999999966693309 3 
0.199999999999999983346655 2.79999999999999982236432 

0.199999999999999983346655 2.79999999999999982236432 
0.199999999999999983346655 2.59999999999999964472863 
0.399999999999999966693309 2.79999999999999982236432 
0.199999999999999983346655 2.79999999999999982236432 

0.199999999999999983346655 2.59999999999999964472863 
0.399999999999999966693309 2.59999999999999964472863 
0.399999999999999966693309 2.79999999999999982236432 
0.199999999999999983346655 2.59999999999999964472863 

0 2.79999999999999982236432 
0 3 

0 2.59999999999999964472863 
0 2.79999999999999982236432 

0 2.59999999999999964472863 
0.199999999999999983346655 2.59999999999999964472863 
0.199999999999999983346655 2.79999999999999982236432 
0 2.59999999999999964472863 

0 2.79999999999999982236432 
0 2.59999999999999964472863 
0.199999999999999983346655 2.79999999999999982236432 
0 2.79999999999999982236432 

0.399999999999999966693309 1.59999999999999986677324 
0.399999999999999966693309 1.39999999999999991118216 
0.59999999999999997779554 1.59999999999999986677324 
0.399999999999999966693309 1.59999999999999986677324 

0.399999999999999966693309 1.59999999999999986677324 
0.399999999999999966693309 1.39999999999999991118216 
0.59999999999999997779554 1.59999999999999986677324 
0.399999999999999966693309 1.59999999999999986677324 

0.399999999999999966693309 2 
0.399999999999999966693309 1.79999999999999982236432 
0.59999999999999997779554 2 
0.399999999999999966693309 2 

0.399999999999999966693309 1.79999999999999982236432 
0.59999999999999997779554 1.79999999999999982236432 
0.59999999999999997779554 2 
0.399999999999999966693309 1.79999999999999982236432 

0.399999999999999966693309 2 
0.399999999999999966693309 1.79999999999999982236432 
0.59999999999999997779554 2 
0.399999999999999966693309 2 

0.399999999999999966693309 1.79999999999999982236432 
0.59999999999999997779554 1.79999999999999982236432 
0.59999999999999997779554 2 
0.399999999999999966693309 1.79999999999999982236432 

0.399999999999999966693309 2.79999999999999982236432 
0.399999999999999966693309 2.59999999999999964472863 
0.59999999999999997779554 2.79999999999999982236432 
0.399999999999999966693309 2.79999999999999982236432 

0.399999999999999966693309 2.59999999999999964472863 
0.59999999999999997779554 2.59999999999999964472863 
0.59999999999999997779554 2.79999999999999982236432 
0.399999999999999966693309 2.59999999999999964472863 

0.399999999999999966693309 2.79999999999999982236432 
0.399999999999999966693309 2.59999999999999964472863 
0.59999999999999997779554 2.79999999999999982236432 
0.399999999999999966693309 2.79999999999999982236432 

0.399999999999999966693309 2.59999999999999964472863 
0.59999999999999997779554 2.59999999999999964472863 
0.59999999999999997779554 2.79999999999999982236432 
0.399999999999999966693309 2.59999999999999964472863 

0.799999999999999933386619 1.79999999999999982236432 

0.59999999999999997779554 1.79999999999999982236432 
0.59999999999999997779554 1.59999999999999986677324 
0.799999999999999933386619 1.79999999999999982236432 
0.59999999999999997779554 1.79999999999999982236432 

0.59999999999999997779554 1.59999999999999986677324 

0.799999999999999933386619 1.79999999999999982236432 

0.59999999999999997779554 1.79999999999999982236432 
0.59999999999999997779554 1.59999999999999986677324 
0.799999999999999933386619 1.79999999999999982236432 
0.59999999999999997779554 1.79999999999999982236432 

0.59999999999999997779554 1.59999999999999986677324 

0.799999999999999933386619 3 
0.799999999999999933386619 2.79999999999999982236432 
1 3 
0.799999999999999933386619 3 

0.799999999999999933386619 2.79999999999999982236432 
1 2.79999999999999982236432 
1 3 
0.799999999999999933386619 2.79999999999999982236432 

0.799999999999999933386619 2.59999999999999964472863 
0.799999999999999933386619 2.39999999999999991118216 
1 2.59999999999999964472863 
0.799999999999999933386619 2.59999999999999964472863 

0.799999999999999933386619 2.39999999999999991118216 
1 2.39999999999999991118216 
1 2.59999999999999964472863 
0.799999999999999933386619 2.39999999999999991118216 

0.59999999999999997779554 2.59999999999999964472863 
0.59999999999999997779554 2.39999999999999991118216 
0.799999999999999933386619 2.59999999999999964472863 
0.59999999999999997779554 2.59999999999999964472863 

0.59999999999999997779554 2.39999999999999991118216 
0.799999999999999933386619 2.39999999999999991118216 
0.799999999999999933386619 2.59999999999999964472863 
0.59999999999999997779554 2.39999999999999991118216 

0.59999999999999997779554 2.39999999999999991118216 
0.59999999999999997779554 2.19999999999999973354647 
0.799999999999999933386619 2.39999999999999991118216 
0.59999999999999997779554 2.39999999999999991118216 

0.59999999999999997779554 2.19999999999999973354647 
0.799999999999999933386619 2.19999999999999973354647 
0.799999999999999933386619 2.39999999999999991118216 
0.59999999999999997779554 2.19999999999999973354647 

0.799999999999999933386619 3 
0.799999999999999933386619 2.79999999999999982236432 
1 3 
0.799999999999999933386619 3 

0.799999999999999933386619 2.79999999999999982236432 
1 2.79999999999999982236432 
1 3 
0.799999999999999933386619 2.79999999999999982236432 

0.799999999999999933386619 2.59999999999999964472863 
0.799999999999999933386619 2.39999999999999991118216 
1 2.59999999999999964472863 
0.799999999999999933386619 2.59999999999999964472863 

0.799999999999999933386619 2.39999999999999991118216 
1 2.39999999999999991118216 
1 2.59999999999999964472863 
0.799999999999999933386619 2.39999999999999991118216 

0.59999999999999997779554 2.59999999999999964472863 
0.59999999999999997779554 2.39999999999999991118216 
0.799999999999999933386619 2.59999999999999964472863 
0.59999999999999997779554 2.59999999999999964472863 

0.59999999999999997779554 2.39999999999999991118216 
0.799999999999999933386619 2.39999999999999991118216 
0.799999999999999933386619 2.59999999999999964472863 
0.59999999999999997779554 2.39999999999999991118216 

0.59999999999999997779554 2.39999999999999991118216 
0.59999999999999997779554 2.19999999999999973354647 
0.799999999999999933386619 2.39999999999999991118216 
0.59999999999999997779554 2.39999999999999991118216 

0.59999999999999997779554 2.19999999999999973354647 
0.799999999999999933386619 2.19999999999999973354647 
0.799999999999999933386619 2.39999999999999991118216 
0.59999999999999997779554 2.19999999999999973354647 

0.59999999999999997779554 2.19999999999999973354647 
0.59999999999999997779554 2 
0.799999999999999933386619 2.19999999999999973354647 
0.59999999999999997779554 2.19999999999999973354647 

0.59999999999999997779554 2 
0.799999999999999933386619 2 
0.799999999999999933386619 2.19999999999999973354647 
0.59999999999999997779554 2 

0.59999999999999997779554 2 
0.59999999999999997779554 1.79999999999999982236432 
0.799999999999999933386619 2 
0.59999999999999997779554 2 

0.59999999999999997779554 1.79999999999999982236432 
0.799999999999999933386619 1.79999999999999982236432 
0.799999999999999933386619 2 
0.59999999999999997779554 1.79999999999999982236432 

0.59999999999999997779554 2.19999999999999973354647 
0.59999999999999997779554 2 
0.799999999999999933386619 2.19999999999999973354647 
0.59999999999999997779554 2.19999999999999973354647 

0.59999999999999997779554 2 
0.799999999999999933386619 2 
0.799999999999999933386619 2.19999999999999973354647 
0.59999999999999997779554 2 

0.59999999999999997779554 2 
0.59999999999999997779554 1.79999999999999982236432 
0.799999999999999933386619 2 
0.59999999999999997779554 2 

0.59999999999999997779554 1.79999999999999982236432 
0.799999999999999933386619 1.79999999999999982236432 
0.799999999999999933386619 2 
0.59999999999999997779554 1.79999999999999982236432 

0.399999999999999966693309 2.39999999999999991118216 
0.399999999999999966693309 2.19999999999999973354647 
0.59999999999999997779554 2.39999999999999991118216 
0.399999999999999966693309 2.39999999999999991118216 

0.399999999999999966693309 2.19999999999999973354647 
0.59999999999999997779554 2.19999999999999973354647 
0.59999999999999997779554 2.39999999999999991118216 
0.399999999999999966693309 2.19999999999999973354647 

0.399999999999999966693309 2.39999999999999991118216 
0.399999999999999966693309 2.19999999999999973354647 
0.59999999999999997779554 2.39999999999999991118216 
0.399999999999999966693309 2.39999999999999991118216 

0.399999999999999966693309 2.19999999999999973354647 
0.59999999999999997779554 2.19999999999999973354647 
0.59999999999999997779554 2.39999999999999991118216 
0.399999999999999966693309 2.19999999999999973354647 

0.59999999999999997779554 3 
0.59999999999999997779554 2.79999999999999982236432 
0.799999999999999933386619 3 
0.59999999999999997779554 3 

0.59999999999999997779554 2.79999999999999982236432 
0.799999999999999933386619 2.79999999999999982236432 
0.799999999999999933386619 3 
0.59999999999999997779554 2.79999999999999982236432 

0.59999999999999997779554 2.79999999999999982236432 
0.59999999999999997779554 2.59999999999999964472863 
0.799999999999999933386619 2.79999999999999982236432 
0.59999999999999997779554 2.79999999999999982236432 

0.59999999999999997779554 2.59999999999999964472863 
0.799999999999999933386619 2.59999999999999964472863 
0.799999999999999933386619 2.79999999999999982236432 
0.59999999999999997779554 2.59999999999999964472863 

0.59999999999999997779554 3 
0.59999999999999997779554 2.79999999999999982236432 
0.799999999999999933386619 3 
0.59999999999999997779554 3 

0.59999999999999997779554 2.79999999999999982236432 
0.799999999999999933386619 2.79999999999999982236432 
0.799999999999999933386619 3 
0.59999999999999997779554 2.79999999999999982236432 

0.59999999999999997779554 2.79999999999999982236432 
0.59999999999999997779554 2.59999999999999964472863 
0.799999999999999933386619 2.79999999999999982236432 
0.59999999999999997779554 2.79999999999999982236432 

0.59999999999999997779554 2.59999999999999964472863 
0.799999999999999933386619 2.59999999999999964472863 
0.799999999999999933386619 2.79999999999999982236432 
0.59999999999999997779554 2.59999999999999964472863 

0.799999999999999933386619 2 
0.799999999999999933386619 1.79999999999999982236432 
1 2 
0.799999999999999933386619 2 

0.799999999999999933386619 2 
0.799999999999999933386619 1.79999999999999982236432 
1 2 
0.799999999999999933386619 2 

0.799999999999999933386619 2.39999999999999991118216 
0.799999999999999933386619 2.19999999999999973354647 
1 2.39999999999999991118216 
0.799999999999999933386619 2.39999999999999991118216 

0.799999999999999933386619 2.19999999999999973354647 
1 2.19999999999999973354647 
1 2.39999999999999991118216 
0.799999999999999933386619 2.19999999999999973354647 

0.799999999999999933386619 2.39999999999999991118216 
0.799999999999999933386619 2.19999999999999973354647 
1 2.39999999999999991118216 
0.799999999999999933386619 2.39999999999999991118216 

0.799999999999999933386619 2.19999999999999973354647 
1 2.19999999999999973354647 
1 2.39999999999999991118216 
0.799999999999999933386619 2.19999999999999973354647 

1 2.19999999999999973354647 
1 2 
1.19999999999999995559108 2.19999999999999973354647 
1 2.19999999999999973354647 

1 2 

1 2.19999999999999973354647 
1 2 
1.19999999999999995559108 2.19999999999999973354647 
1 2.19999999999999973354647 

1 2 

1.19999999999999995559108 2.59999999999999964472863 
1.19999999999999995559108 2.39999999999999991118216 
1.39999999999999991118216 2.59999999999999964472863 
1.19999999999999995559108 2.59999999999999964472863 

1.19999999999999995559108 2.39999999999999991118216 
1.39999999999999991118216 2.39999999999999991118216 
1.39999999999999991118216 2.59999999999999964472863 
1.19999999999999995559108 2.39999999999999991118216 

1 2.59999999999999964472863 
1 2.39999999999999991118216 
1.19999999999999995559108 2.59999999999999964472863 
1 2.59999999999999964472863 

1 2.39999999999999991118216 
1.19999999999999995559108 2.39999999999999991118216 
1.19999999999999995559108 2.59999999999999964472863 
1 2.39999999999999991118216 

1 2.39999999999999991118216 
1 2.19999999999999973354647 
1.19999999999999995559108 2.39999999999999991118216 
1 2.39999999999999991118216 

1 2.19999999999999973354647 
1.19999999999999995559108 2.19999999999999973354647 
1.19999999999999995559108 2.39999999999999991118216 
1 2.19999999999999973354647 

1 3 
1 2.79999999999999982236432 
1.19999999999999995559108 3 
1 3 

1 2.79999999999999982236432 
1.19999999999999995559108 2.79999999999999982236432 
1.19999999999999995559108 3 
1 2.79999999999999982236432 

1 2.79999999999999982236432 
1 2.59999999999999964472863 
1.19999999999999995559108 2.79999999999999982236432 
1 2.79999999999999982236432 

1 2.59999999999999964472863 
1.19999999999999995559108 2.59999999999999964472863 
1.19999999999999995559108 2.79999999999999982236432 
1 2.59999999999999964472863 

1.19999999999999995559108 2.59999999999999964472863 
1.19999999999999995559108 2.39999999999999991118216 
1.39999999999999991118216 2.59999999999999964472863 
1.19999999999999995559108 2.59999999999999964472863 

1.19999999999999995559108 2.39999999999999991118216 
1.39999999999999991118216 2.39999999999999991118216 
1.39999999999999991118216 2.59999999999999964472863 
1.19999999999999995559108 2.39999999999999991118216 

1 2.59999999999999964472863 
1 2.39999999999999991118216 
1.19999999999999995559108 2.59999999999999964472863 
1 2.59999999999999964472863 

1 2.39999999999999991118216 
1.19999999999999995559108 2.39999999999999991118216 
1.19999999999999995559108 2.59999999999999964472863 
1 2.39999999999999991118216 

1 2.39999999999999991118216 
1 2.19999999999999973354647 
1.19999999999999995559108 2.39999999999999991118216 
1 2.39999999999999991118216 

1 2.19999999999999973354647 
1.19999999999999995559108 2.19999999999999973354647 
1.19999999999999995559108 2.39999999999999991118216 
1 2.19999999999999973354647 

1 3 
1 2.79999999999999982236432 
1.19999999999999995559108 3 
1 3 

1 2.79999999999999982236432 
1.19999999999999995559108 2.79999999999999982236432 
1.19999999999999995559108 3 
1 2.79999999999999982236432 

1 2.79999999999999982236432 
1 2.59999999999999964472863 
1.19999999999999995559108 2.79999999999999982236432 
1 2.79999999999999982236432 

1 2.59999999999999964472863 
1.19999999999999995559108 2.59999999999999964472863 
1.19999999999999995559108 2.79999999999999982236432 
1 2.59999999999999964472863 

0.799999999999999933386619 2.79999999999999982236432 
0.799999999999999933386619 2.59999999999999964472863 
1 2.79999999999999982236432 
0.799999999999999933386619 2.79999999999999982236432 

0.799999999999999933386619 2.59999999999999964472863 
1 2.59999999999999964472863 
1 2.79999999999999982236432 
0.799999999999999933386619 2.59999999999999964472863 

0.799999999999999933386619 2.79999999999999982236432 
0.799999999999999933386619 2.59999999999999964472863 
1 2.79999999999999982236432 
0.799999999999999933386619 2.79999999999999982236432 

0.799999999999999933386619 2.59999999999999964472863 
1 2.59999999999999964472863 
1 2.79999999999999982236432 
0.799999999999999933386619 2.59999999999999964472863 

1.19999999999999995559108 2.39999999999999991118216 
1.19999999999999995559108 2.19999999999999973354647 
1.39999999999999991118216 2.39999999999999991118216 
1.19999999999999995559108 2.39999999999999991118216 

1.19999999999999995559108 2.39999999999999991118216 
1.19999999999999995559108 2.19999999999999973354647 
1.39999999999999991118216 2.39999999999999991118216 
1.19999999999999995559108 2.39999999999999991118216 

1.19999999999999995559108 2.79999999999999982236432 
1.19999999999999995559108 2.59999999999999964472863 
1.39999999999999991118216 2.79999999999999982236432 
1.19999999999999995559108 2.79999999999999982236432 

1.19999999999999995559108 2.59999999999999964472863 
1.39999999999999991118216 2.59999999999999964472863 
1.39999999999999991118216 2.79999999999999982236432 
1.19999999999999995559108 2.59999999999999964472863 

1.19999999999999995559108 2.79999999999999982236432 
1.19999999999999995559108 2.59999999999999964472863 
1.39999999999999991118216 2.79999999999999982236432 
1.19999999999999995559108 2.79999999999999982236432 

1.19999999999999995559108 2.59999999999999964472863 
1.39999999999999991118216 2.59999999999999964472863 
1.39999999999999991118216 2.79999999999999982236432 
1.19999999999999995559108 2.59999999999999964472863 

1.59999999999999986677324 2.59999999999999964472863 

1.39999999999999991118216 2.59999999999999964472863 
1.39999999999999991118216 2.39999999999999991118216 
1.59999999999999986677324 2.59999999999999964472863 
1.39999999999999991118216 2.59999999999999964472863 

1.39999999999999991118216 2.39999999999999991118216 

1.59999999999999986677324 2.59999999999999964472863 

1.39999999999999991118216 2.59999999999999964472863 
1.39999999999999991118216 2.39999999999999991118216 
1.59999999999999986677324 2.59999999999999964472863 
1.39999999999999991118216 2.59999999999999964472863 

1.39999999999999991118216 2.39999999999999991118216 

1.39999999999999991118216 3 
1.39999999999999991118216 2.79999999999999982236432 
1.59999999999999986677324 3 
1.39999999999999991118216 3 

1.39999999999999991118216 2.79999999999999982236432 
1.59999999999999986677324 2.79999999999999982236432 
1.59999999999999986677324 3 
1.39999999999999991118216 2.79999999999999982236432 

1.39999999999999991118216 2.79999999999999982236432 
1.39999999999999991118216 2.59999999999999964472863 
1.59999999999999986677324 2.79999999999999982236432 
1.39999999999999991118216 2.79999999999999982236432 

1.39999999999999991118216 2.59999999999999964472863 
1.59999999999999986677324 2.59999999999999964472863 
1.59999999999999986677324 2.79999999999999982236432 
1.39999999999999991118216 2.59999999999999964472863 

1.39999999999999991118216 3 
1.39999999999999991118216 2.79999999999999982236432 
1.59999999999999986677324 3 
1.39999999999999991118216 3 

1.39999999999999991118216 2.79999999999999982236432 
1.59999999999999986677324 2.79999999999999982236432 
1.59999999999999986677324 3 
1.39999999999999991118216 2.79999999999999982236432 

1.39999999999999991118216 2.79999999999999982236432 
1.39999999999999991118216 2.59999999999999964472863 
1.59999999999999986677324 2.79999999999999982236432 
1.39999999999999991118216 2.79999999999999982236432 

1.39999999999999991118216 2.59999999999999964472863 
1.59999999999999986677324 2.59999999999999964472863 
1.59999999999999986677324 2.79999999999999982236432 
1.39999999999999991118216 2.59999999999999964472863 

1.59999999999999986677324 2.79999999999999982236432 
1.59999999999999986677324 2.59999999999999964472863 
1.79999999999999982236432 2.79999999999999982236432 
1.59999999999999986677324 2.79999999999999982236432 

1.59999999999999986677324 2.79999999999999982236432 
1.59999999999999986677324 2.59999999999999964472863 
1.79999999999999982236432 2.79999999999999982236432 
1.59999999999999986677324 2.79999999999999982236432 

1.79999999999999982236432 3 
1.79999999999999982236432 2.79999999999999982236432 
2 3 
1.79999999999999982236432 3 

1.79999999999999982236432 2.79999999999999982236432 

1.79999999999999982236432 3 
1.79999999999999982236432 2.79999999999999982236432 
2 3 
1.79999999999999982236432 3 

1.79999999999999982236432 2.79999999999999982236432 

